 0.1

1.560483e+18, 1.108888e+18, 8.888694e+17, 7.430614e+17, 6.355386e+17, 5.881507e+17, 5.197465e+17, 4.557968e+17, 4.284874e+17, 3.945626e+17, 3.767274e+17, 3.559704e+17, 3.039981e+17, 2.936897e+17, 2.725110e+17, 2.602825e+17, 2.566075e+17, 2.335621e+17, 2.218474e+17, 2.069458e+17, 1.827521e+17, 1.596880e+17, 1.724152e+17, 1.541505e+17, 1.476825e+17, 1.462017e+17, 1.483742e+17, 1.480775e+17, 1.249139e+17, 1.099327e+17, 1.098893e+17, 1.113129e+17, 1.042121e+17, 1.156413e+17, 1.168334e+17, 1.080062e+17, 9.542054e+16, 1.058212e+17, 9.813041e+16, 9.183345e+16, 9.122461e+16, 9.252348e+16, 8.158042e+16, 8.047806e+16, 7.855469e+16, 7.262537e+16, 7.048138e+16, 6.844803e+16, 5.691529e+16, 6.064261e+16, 6.508291e+16, 6.394411e+16, 5.794760e+16, 5.589870e+16, 4.885340e+16, 5.426647e+16, 5.979362e+16, 5.505833e+16, 4.841554e+16, 4.744925e+16, 5.163239e+16, 4.569776e+16, 5.164103e+16, 6.013388e+16, 5.274740e+16, 4.594179e+16, 3.958524e+16, 4.004712e+16, 3.924476e+16, 3.971196e+16, 3.457205e+16, 3.445207e+16, 3.903239e+16, 4.019663e+16, 3.940518e+16, 3.510116e+16, 3.193032e+16, 3.390482e+16, 3.463166e+16, 3.680246e+16, 3.648347e+16, 3.536640e+16, 2.733698e+16, 2.823431e+16, 2.833568e+16, 2.821825e+16, 2.585453e+16, 2.591097e+16, 2.850054e+16, 3.151713e+16, 2.808923e+16, 2.831999e+16, 3.099908e+16, 2.433437e+16, 2.731340e+16, 2.211058e+16, 1.884998e+16, 2.347459e+16, 2.512704e+16, 2.330687e+16, 

6.719571e-03, 3.468788e-03, 3.107874e-03, 2.940199e-03, 2.839229e-03, 2.763863e-03, 2.702540e-03, 2.649149e-03, 2.601974e-03, 2.562373e-03, 2.560633e-03, 2.574373e-03, 2.555117e-03, 2.540445e-03, 2.525495e-03, 2.508436e-03, 2.492300e-03, 2.476122e-03, 2.459636e-03, 2.445762e-03, 2.424349e-03, 2.398826e-03, 2.368569e-03, 2.332613e-03, 2.288667e-03, 2.237093e-03, 2.176833e-03, 2.108020e-03, 2.031877e-03, 1.949934e-03, 1.864787e-03, 1.778090e-03, 1.691137e-03, 1.605871e-03, 1.523506e-03, 1.444328e-03, 1.369024e-03, 1.298565e-03, 1.232476e-03, 1.170111e-03, 1.112034e-03, 1.057458e-03, 1.006144e-03, 9.581165e-04, 9.132454e-04, 8.710620e-04, 8.316991e-04, 7.945066e-04, 7.594644e-04, 7.266440e-04, 6.955970e-04, 6.662342e-04, 6.384400e-04, 6.123501e-04, 5.874005e-04, 5.639493e-04, 5.416790e-04, 5.201903e-04, 4.999568e-04, 4.810494e-04, 4.630820e-04, 4.457235e-04, 4.291372e-04, 4.134967e-04, 3.982827e-04, 3.838528e-04, 3.701918e-04, 3.571966e-04, 3.448541e-04, 3.329528e-04, 3.217089e-04, 3.107034e-04, 3.004288e-04, 2.904797e-04, 2.809267e-04, 2.717719e-04, 2.629602e-04, 2.545392e-04, 2.464500e-04, 2.386867e-04, 2.311656e-04, 2.240725e-04, 2.172044e-04, 2.106724e-04, 2.044413e-04, 1.984404e-04, 1.925740e-04, 1.869384e-04, 1.815523e-04, 1.763746e-04, 1.713199e-04, 1.664751e-04, 1.618561e-04, 1.572726e-04, 1.529504e-04, 1.487964e-04, 1.447710e-04, 1.409029e-04, 1.371237e-04, 1.334928e-04, 

5.692041e+19, 1.230502e+20, 1.269940e+20, 8.118183e+19, 3.489388e+19, 6.606815e+18, 3.494602e+17, 3.424905e+15, 
2.690306e+20, 1.239020e+20, 3.106403e+19, 5.285922e+18, 6.759108e+17, 3.951396e+16, 2.038166e+15, 1.761163e+13, 
3.313609e+20, 8.527315e+19, 1.209717e+19, 1.179515e+18, 8.627738e+16, 2.851704e+15, 1.403483e+14, 1.134849e+12, 
3.618688e+20, 6.185329e+19, 5.871992e+18, 3.864129e+17, 1.905131e+16, 4.226710e+14, 1.957451e+13, 1.488332e+11, 
3.796621e+20, 4.693612e+19, 3.240049e+18, 1.560398e+17, 5.625549e+15, 9.120703e+13, 3.945004e+12, 2.822549e+10, 
3.911306e+20, 3.684872e+19, 1.946530e+18, 7.211096e+16, 1.998592e+15, 2.493006e+13, 1.007172e+12, 6.797625e+09, 
3.990312e+20, 2.968864e+19, 1.242714e+18, 3.663933e+16, 8.077755e+14, 8.026803e+12, 3.031691e+11, 1.949303e+09, 
4.047361e+20, 2.441276e+19, 8.307748e+17, 1.998864e+16, 3.594652e+14, 2.918608e+12, 1.033996e+11, 6.341145e+08, 
4.089988e+20, 2.041328e+19, 5.761983e+17, 1.153726e+16, 1.725963e+14, 1.167896e+12, 3.886531e+10, 2.268176e+08, 
4.122720e+20, 1.730909e+19, 4.118512e+17, 6.971877e+15, 8.814632e+13, 5.050690e+11, 1.575993e+10, 8.730478e+07, 
4.148470e+20, 1.484686e+19, 3.016910e+17, 4.373103e+15, 4.732700e+13, 2.325681e+11, 6.821987e+09, 3.602031e+07, 
4.169140e+20, 1.285760e+19, 2.255132e+17, 2.828372e+15, 2.647541e+13, 1.127431e+11, 3.110957e+09, 1.568899e+07, 
4.185967e+20, 1.122982e+19, 1.715902e+17, 1.878992e+15, 1.535182e+13, 5.716443e+10, 1.485026e+09, 7.139990e+06, 
4.199823e+20, 9.883738e+18, 1.326617e+17, 1.278740e+15, 9.193363e+12, 3.017370e+10, 7.414979e+08, 3.406210e+06, 
4.211410e+20, 8.754231e+18, 1.039154e+17, 8.875360e+14, 5.652061e+12, 1.645954e+10, 3.819467e+08, 1.683202e+06, 
4.221194e+20, 7.797585e+18, 8.234763e+16, 6.268493e+14, 3.556745e+12, 9.243387e+09, 2.027211e+08, 8.580823e+05, 
4.229512e+20, 6.982376e+18, 6.596906e+16, 4.500159e+14, 2.287484e+12, 5.333847e+09, 1.106871e+08, 4.488834e+05, 
4.236654e+20, 6.280935e+18, 5.334270e+16, 3.276129e+14, 1.498862e+12, 3.150280e+09, 6.187320e+07, 2.408609e+05, 
4.242827e+20, 5.673515e+18, 4.350044e+16, 2.415555e+14, 9.989102e+11, 1.900346e+09, 3.535008e+07, 1.319612e+05, 
4.248196e+20, 5.144469e+18, 3.575149e+16, 1.801976e+14, 6.761706e+11, 1.168785e+09, 2.064796e+07, 7.392352e+04, 
4.252891e+20, 4.681123e+18, 2.959250e+16, 1.358625e+14, 4.642399e+11, 7.316697e+08, 1.226314e+07, 4.218074e+04, 
4.257020e+20, 4.273199e+18, 2.465449e+16, 1.034396e+14, 3.229023e+11, 4.655089e+08, 7.405015e+06, 2.458804e+04, 
4.260651e+20, 3.914094e+18, 2.068214e+16, 7.956981e+13, 2.276986e+11, 3.012684e+08, 4.560510e+06, 1.461334e+04, 
4.263876e+20, 3.594879e+18, 1.744482e+16, 6.170855e+13, 1.623173e+11, 1.976304e+08, 2.842858e+06, 8.765475e+03, 
4.266762e+20, 3.308923e+18, 1.477938e+16, 4.817402e+13, 1.167307e+11, 1.310700e+08, 1.792463e+06, 5.320816e+03, 
4.269333e+20, 3.054077e+18, 1.259064e+16, 3.792046e+13, 8.487826e+10, 8.812763e+07, 1.147364e+06, 3.280772e+03, 
4.271645e+20, 2.824683e+18, 1.077077e+16, 3.003560e+13, 6.223039e+10, 5.986688e+07, 7.433718e+05, 2.044680e+03, 
4.273731e+20, 2.617590e+18, 9.249938e+15, 2.392893e+13, 4.597987e+10, 4.106250e+07, 4.857371e+05, 1.287988e+03, 
4.275619e+20, 2.430079e+18, 7.972865e+15, 1.916786e+13, 3.422006e+10, 2.842007e+07, 3.199636e+05, 8.192497e+02, 
4.277330e+20, 2.260131e+18, 6.897494e+15, 1.543935e+13, 2.565598e+10, 1.985078e+07, 2.133410e+05, 5.267994e+02, 
4.278876e+20, 2.106408e+18, 5.991968e+15, 1.251361e+13, 1.939485e+10, 1.400865e+07, 1.440600e+05, 3.438795e+02, 
4.280283e+20, 1.966509e+18, 5.223277e+15, 1.019465e+13, 1.476250e+10, 9.970539e+06, 9.817054e+04, 2.264623e+02, 
4.281571e+20, 1.838353e+18, 4.565361e+15, 8.338217e+12, 1.129585e+10, 7.142984e+06, 6.721379e+04, 1.496722e+02, 
4.282750e+20, 1.720973e+18, 4.001623e+15, 6.848776e+12, 8.692015e+09, 5.153236e+06, 4.639154e+04, 9.985148e+01, 
4.283831e+20, 1.613337e+18, 3.517319e+15, 5.648889e+12, 6.725647e+09, 3.743520e+06, 3.224379e+04, 6.703646e+01, 
4.284830e+20, 1.513863e+18, 3.097491e+15, 4.672391e+12, 5.223668e+09, 2.732109e+06, 2.253548e+04, 4.518658e+01, 
4.285752e+20, 1.422049e+18, 2.733641e+15, 3.877058e+12, 4.074402e+09, 2.004561e+06, 1.579955e+04, 3.064085e+01, 
4.286597e+20, 1.337880e+18, 2.420054e+15, 3.232128e+12, 3.197744e+09, 1.482136e+06, 1.117841e+04, 2.099820e+01, 
4.287375e+20, 1.260322e+18, 2.147992e+15, 2.704861e+12, 2.522642e+09, 1.102877e+06, 7.965075e+03, 1.444471e+01, 
4.288100e+20, 1.188134e+18, 1.909313e+15, 2.268535e+12, 1.995814e+09, 8.236043e+05, 5.693829e+03, 9.959188e+00, 
4.288768e+20, 1.121522e+18, 1.701547e+15, 1.909995e+12, 1.587192e+09, 6.190304e+05, 4.102763e+03, 6.927410e+00, 
4.289389e+20, 1.059531e+18, 1.518925e+15, 1.612114e+12, 1.266400e+09, 4.671811e+05, 2.964910e+03, 4.841097e+00, 
4.289969e+20, 1.001720e+18, 1.357945e+15, 1.363750e+12, 1.013464e+09, 3.538924e+05, 2.150746e+03, 3.397804e+00, 
4.290509e+20, 9.479105e+17, 1.216204e+15, 1.156761e+12, 8.139409e+08, 2.692695e+05, 1.569050e+03, 2.398906e+00, 
4.291008e+20, 8.980690e+17, 1.091877e+15, 9.846959e+11, 6.568347e+08, 2.061017e+05, 1.152274e+03, 1.706413e+00, 
4.291475e+20, 8.514959e+17, 9.817507e+14, 8.401285e+11, 5.316499e+08, 1.583430e+05, 8.498080e+02, 1.218309e+00, 
4.291909e+20, 8.082111e+17, 8.846438e+14, 7.191192e+11, 4.321812e+08, 1.223084e+05, 6.299442e+02, 8.756185e-01, 
4.292316e+20, 7.675898e+17, 7.981051e+14, 6.166475e+11, 3.521666e+08, 9.475656e+04, 4.686900e+02, 6.309322e-01, 
4.292697e+20, 7.295685e+17, 7.211307e+14, 5.299747e+11, 2.878309e+08, 7.368540e+04, 3.500294e+02, 4.562981e-01, 
4.293053e+20, 6.940467e+17, 6.527482e+14, 4.567253e+11, 2.360986e+08, 5.756041e+04, 2.630903e+02, 3.326356e-01, 
4.293388e+20, 6.606579e+17, 5.915684e+14, 3.943089e+11, 1.941271e+08, 4.509738e+04, 1.981881e+02, 2.434394e-01, 
4.293701e+20, 6.293461e+17, 5.369212e+14, 3.411673e+11, 1.600870e+08, 3.546125e+04, 1.498503e+02, 1.780469e-01, 
4.293996e+20, 5.998769e+17, 4.879044e+14, 2.957135e+11, 1.323291e+08, 2.796642e+04, 1.136498e+02, 1.309547e-01, 
4.294272e+20, 5.723296e+17, 4.442033e+14, 2.570431e+11, 1.097979e+08, 2.215965e+04, 8.668613e+01, 9.680792e-02, 
4.294535e+20, 5.461387e+17, 4.045508e+14, 2.235393e+11, 9.116136e+07, 1.757249e+04, 6.616915e+01, 7.150823e-02, 
4.294780e+20, 5.215894e+17, 3.690669e+14, 1.949032e+11, 7.594717e+07, 1.399474e+04, 5.073223e+01, 5.320567e-02, 
4.295013e+20, 4.983940e+17, 3.370321e+14, 1.701883e+11, 6.339659e+07, 1.117264e+04, 3.898749e+01, 3.974354e-02, 
4.295235e+20, 4.761993e+17, 3.077362e+14, 1.485729e+11, 5.290458e+07, 8.916164e+03, 2.994530e+01, 2.955280e-02, 
4.295443e+20, 4.554017e+17, 2.814907e+14, 1.300494e+11, 4.430634e+07, 7.146883e+03, 2.312520e+01, 2.214991e-02, 
4.295637e+20, 4.360086e+17, 2.580721e+14, 1.142268e+11, 3.727558e+07, 5.761573e+03, 1.798462e+01, 1.672058e-02, 
4.295821e+20, 4.176736e+17, 2.368631e+14, 1.004932e+11, 3.142857e+07, 4.657263e+03, 1.401818e+01, 1.266441e-02, 
4.295997e+20, 4.000628e+17, 2.173472e+14, 8.838102e+10, 2.648694e+07, 3.762577e+03, 1.091712e+01, 9.565261e-03, 
4.296165e+20, 3.833045e+17, 1.995518e+14, 7.779318e+10, 2.234632e+07, 3.043788e+03, 8.513639e+00, 7.236932e-03, 
4.296323e+20, 3.675547e+17, 1.835207e+14, 6.864664e+10, 1.891674e+07, 2.472756e+03, 6.671893e+00, 5.506883e-03, 
4.296474e+20, 3.523817e+17, 1.687069e+14, 6.053394e+10, 1.599910e+07, 2.006466e+03, 5.217865e+00, 4.168768e-03, 
4.296618e+20, 3.380562e+17, 1.552922e+14, 5.348453e+10, 1.356695e+07, 1.633429e+03, 4.096213e+00, 3.172946e-03, 
4.296753e+20, 3.245224e+17, 1.431287e+14, 4.734783e+10, 1.153414e+07, 1.334026e+03, 3.228515e+00, 2.423657e-03, 
4.296882e+20, 3.116724e+17, 1.320388e+14, 4.197360e+10, 9.823934e+06, 1.092021e+03, 2.552361e+00, 1.859641e-03, 
4.297003e+20, 2.995353e+17, 1.219735e+14, 3.728403e+10, 8.389819e+06, 8.968972e+02, 2.024720e+00, 1.431551e-03, 
4.297120e+20, 2.878692e+17, 1.126748e+14, 3.311868e+10, 7.165057e+06, 7.366531e+02, 1.605658e+00, 1.104347e-03, 
4.297230e+20, 2.768848e+17, 1.042554e+14, 2.949044e+10, 6.138959e+06, 6.074807e+02, 1.279625e+00, 8.557870e-04, 
4.297337e+20, 2.661821e+17, 9.636590e+13, 2.621949e+10, 5.249021e+06, 4.996891e+02, 1.016325e+00, 6.585438e-04, 
4.297437e+20, 2.562100e+17, 8.929383e+13, 2.339759e+10, 4.510221e+06, 4.135470e+02, 8.132902e-01, 5.114808e-04, 
4.297533e+20, 2.466084e+17, 8.273889e+13, 2.087864e+10, 3.875275e+06, 3.422417e+02, 6.504512e-01, 3.975342e-04, 
4.297625e+20, 2.374088e+17, 7.669229e+13, 1.864091e+10, 3.332024e+06, 2.834786e+02, 5.205577e-01, 3.094221e-04, 
4.297713e+20, 2.286346e+17, 7.113861e+13, 1.666075e+10, 2.869018e+06, 2.352214e+02, 4.175611e-01, 2.411833e-04, 
4.297797e+20, 2.202270e+17, 6.601232e+13, 1.489933e+10, 2.472213e+06, 1.953609e+02, 3.352117e-01, 1.885192e-04, 
4.297877e+20, 2.122182e+17, 6.130707e+13, 1.334091e+10, 2.133860e+06, 1.625945e+02, 2.697776e-01, 1.475601e-04, 
4.297954e+20, 2.045467e+17, 5.696298e+13, 1.195370e+10, 1.843480e+06, 1.354782e+02, 2.173563e-01, 1.156913e-04, 
4.298027e+20, 1.972322e+17, 5.296877e+13, 1.072301e+10, 1.595086e+06, 1.130974e+02, 1.754516e-01, 9.075508e-05, 
4.298098e+20, 1.901833e+17, 4.925667e+13, 9.619527e+09, 1.380265e+06, 9.442194e+01, 1.416357e-01, 7.108439e-05, 
4.298164e+20, 1.835533e+17, 4.588817e+13, 8.653130e+09, 1.198730e+06, 7.918864e+01, 1.149909e-01, 5.607404e-05, 
4.298228e+20, 1.771443e+17, 4.274520e+13, 7.782623e+09, 1.040828e+06, 6.639399e+01, 9.331641e-02, 4.425736e-05, 
4.298289e+20, 1.710533e+17, 3.986184e+13, 7.011552e+09, 9.057697e+05, 5.582607e+01, 7.600268e-02, 3.513125e-05, 
4.298347e+20, 1.652665e+17, 3.721514e+13, 6.327421e+09, 7.899882e+05, 4.706859e+01, 6.208595e-02, 2.794176e-05, 
4.298403e+20, 1.597097e+17, 3.475918e+13, 5.713767e+09, 6.896074e+05, 3.972878e+01, 5.079179e-02, 2.222500e-05, 
4.298457e+20, 1.542976e+17, 3.244753e+13, 5.155404e+09, 6.013183e+05, 3.348748e+01, 4.147078e-02, 1.764441e-05, 
4.298508e+20, 1.491223e+17, 3.031100e+13, 4.656405e+09, 5.250527e+05, 2.827412e+01, 3.391967e-02, 1.403703e-05, 
4.298558e+20, 1.441877e+17, 2.834176e+13, 4.211684e+09, 4.593367e+05, 2.393004e+01, 2.782323e-02, 1.119412e-05, 
4.298605e+20, 1.394538e+17, 2.651457e+13, 3.812464e+09, 4.022635e+05, 2.027941e+01, 2.286008e-02, 8.954418e-06, 
4.298651e+20, 1.348576e+17, 2.479864e+13, 3.449686e+09, 3.520970e+05, 1.717435e+01, 1.876508e-02, 7.156763e-06, 
4.298695e+20, 1.304707e+17, 2.321424e+13, 3.125507e+09, 3.087253e+05, 1.457607e+01, 1.544170e-02, 5.738137e-06, 
4.298737e+20, 1.262845e+17, 2.175120e+13, 2.835810e+09, 2.712051e+05, 1.240050e+01, 1.274466e-02, 4.607869e-06, 
4.298778e+20, 1.221683e+17, 2.035869e+13, 2.568748e+09, 2.377291e+05, 1.052052e+01, 1.048286e-02, 3.689365e-06, 
4.298817e+20, 1.182693e+17, 1.908229e+13, 2.331885e+09, 2.089794e+05, 8.957871e+00, 8.659201e-03, 2.968900e-06, 
4.298854e+20, 1.145501e+17, 1.790307e+13, 2.119818e+09, 1.840558e+05, 7.645116e+00, 7.171947e-03, 2.393639e-06, 
4.298890e+20, 1.109405e+17, 1.679454e+13, 1.926715e+09, 1.620612e+05, 6.522728e+00, 5.937613e-03, 1.931462e-06, 
4.298925e+20, 1.074764e+17, 1.576412e+13, 1.752825e+09, 1.428713e+05, 5.573937e+00, 4.924603e-03, 1.562659e-06, 
4.298959e+20, 1.041106e+17, 1.479385e+13, 1.594064e+09, 1.258930e+05, 4.760036e+00, 4.080540e-03, 1.258371e-06, 
4.298991e+20, 1.008961e+17, 1.389601e+13, 1.451663e+09, 1.111390e+05, 4.074427e+00, 3.390782e-03, 1.018007e-06, 

0.45

1.784905e+18, 1.335520e+18, 9.175904e+17, 6.994483e+17, 5.658683e+17, 4.651136e+17, 3.779652e+17, 3.397546e+17, 2.936673e+17, 2.881641e+17, 2.427630e+17, 2.441077e+17, 2.191986e+17, 1.762116e+17, 1.783253e+17, 1.742880e+17, 1.499446e+17, 1.482718e+17, 1.510639e+17, 1.312469e+17, 1.184277e+17, 1.238004e+17, 1.106340e+17, 9.661035e+16, 1.019664e+17, 9.803945e+16, 9.056801e+16, 7.995944e+16, 8.573992e+16, 9.131883e+16, 7.595905e+16, 7.268479e+16, 7.345647e+16, 8.019151e+16, 7.176476e+16, 6.952430e+16, 5.646083e+16, 6.326242e+16, 6.489241e+16, 6.128561e+16, 5.672242e+16, 4.582925e+16, 4.985252e+16, 4.814653e+16, 4.735309e+16, 4.238852e+16, 5.095622e+16, 4.337210e+16, 4.664275e+16, 5.107134e+16, 4.288749e+16, 4.367128e+16, 3.472404e+16, 3.627529e+16, 4.055117e+16, 3.452072e+16, 3.827684e+16, 3.326538e+16, 3.484335e+16, 3.093337e+16, 3.341429e+16, 3.031711e+16, 3.233166e+16, 3.594374e+16, 2.872292e+16, 3.479883e+16, 2.710223e+16, 2.325269e+16, 3.245023e+16, 3.199386e+16, 2.418731e+16, 2.029894e+16, 2.527115e+16, 2.355700e+16, 2.666282e+16, 2.599263e+16, 2.314035e+16, 2.370898e+16, 2.168753e+16, 2.209228e+16, 2.577544e+16, 2.628418e+16, 2.408280e+16, 2.199068e+16, 2.078098e+16, 2.236757e+16, 2.279640e+16, 2.214259e+16, 2.276798e+16, 2.422760e+16, 2.285539e+16, 2.176661e+16, 1.995514e+16, 2.290854e+16, 2.659006e+16, 2.004448e+16, 2.084254e+16, 1.988647e+16, 2.086236e+16, 2.138091e+16, 

2.717657e-02, 1.743434e-02, 5.859580e-03, 4.010497e-03, 3.490501e-03, 3.216180e-03, 3.039609e-03, 2.951651e-03, 2.873324e-03, 2.803907e-03, 2.747223e-03, 2.708183e-03, 2.672714e-03, 2.637984e-03, 2.612357e-03, 2.600549e-03, 2.574777e-03, 2.549919e-03, 2.541381e-03, 2.527616e-03, 2.511373e-03, 2.504081e-03, 2.485004e-03, 2.466504e-03, 2.448891e-03, 2.431556e-03, 2.414739e-03, 2.398390e-03, 2.382561e-03, 2.367146e-03, 2.352473e-03, 2.337703e-03, 2.323579e-03, 2.309652e-03, 2.296514e-03, 2.283325e-03, 2.270594e-03, 2.258214e-03, 2.246044e-03, 2.233797e-03, 2.221837e-03, 2.209810e-03, 2.197931e-03, 2.186096e-03, 2.174252e-03, 2.162191e-03, 2.149842e-03, 2.137076e-03, 2.123704e-03, 2.109419e-03, 2.094357e-03, 2.077984e-03, 2.060317e-03, 2.041178e-03, 2.020324e-03, 2.007997e-03, 1.986387e-03, 1.958687e-03, 1.928643e-03, 1.896406e-03, 1.863690e-03, 1.833406e-03, 1.794537e-03, 1.754275e-03, 1.712909e-03, 1.670626e-03, 1.627740e-03, 1.584661e-03, 1.541698e-03, 1.499479e-03, 1.457211e-03, 1.415764e-03, 1.375283e-03, 1.335821e-03, 1.297391e-03, 1.260110e-03, 1.224042e-03, 1.189118e-03, 1.155352e-03, 1.122873e-03, 1.091446e-03, 1.061160e-03, 1.031935e-03, 1.003773e-03, 9.765015e-04, 9.502774e-04, 9.249250e-04, 9.004444e-04, 8.767894e-04, 8.539787e-04, 8.319680e-04, 8.107032e-04, 7.900762e-04, 7.702025e-04, 7.510024e-04, 7.323659e-04, 7.143225e-04, 6.969206e-04, 6.800361e-04, 6.636746e-04, 

1.262962e+12, 6.379681e+14, 9.833206e+16, 4.758294e+18, 7.261409e+19, 3.260743e+20, 2.566747e+19, 7.868816e+17, 
5.529906e+16, 3.269104e+18, 3.575939e+19, 1.167377e+20, 1.693609e+20, 1.018132e+20, 2.969851e+18, 3.457619e+16, 
7.110028e+19, 1.378834e+20, 1.194596e+20, 6.663127e+19, 2.862822e+19, 6.132964e+18, 1.622138e+17, 2.088150e+15, 
1.701659e+20, 1.527631e+20, 7.487096e+19, 2.491840e+19, 6.459727e+18, 7.956890e+17, 2.582255e+16, 3.825877e+14, 
2.290937e+20, 1.404921e+20, 4.736413e+19, 1.093747e+19, 1.945559e+18, 1.608266e+17, 6.043663e+15, 9.524214e+13, 
2.708922e+20, 1.224798e+20, 3.061081e+19, 5.277624e+18, 6.958144e+17, 4.203677e+16, 1.746310e+15, 2.818920e+13, 
3.012852e+20, 1.052553e+20, 2.041667e+19, 2.747787e+18, 2.813557e+17, 1.307842e+16, 5.810226e+14, 9.414134e+12, 
3.239756e+20, 9.033647e+19, 1.403748e+19, 1.520739e+18, 1.248703e+17, 4.625150e+15, 2.146693e+14, 3.451208e+12, 
3.413305e+20, 7.780826e+19, 9.915245e+18, 8.844845e+17, 5.962934e+16, 1.805574e+15, 8.602937e+13, 1.362646e+12, 
3.548828e+20, 6.737944e+19, 7.170654e+18, 5.360892e+17, 3.022046e+16, 7.629347e+14, 3.687267e+13, 5.731183e+11, 
3.656683e+20, 5.868726e+19, 5.291778e+18, 3.362511e+17, 1.608044e+16, 3.437490e+14, 1.669643e+13, 2.539154e+11, 
3.743746e+20, 5.142251e+19, 3.976461e+18, 2.173017e+17, 8.923247e+15, 1.636095e+14, 7.932823e+12, 1.178594e+11, 
3.815000e+20, 4.531482e+19, 3.035864e+18, 1.440962e+17, 5.132617e+15, 8.158915e+13, 3.925071e+12, 5.690423e+10, 
3.874032e+20, 4.014567e+19, 2.350340e+18, 9.771534e+16, 3.045171e+15, 4.235022e+13, 2.011200e+12, 2.842863e+10, 
3.923402e+20, 3.574742e+19, 1.842888e+18, 6.761304e+16, 1.857539e+15, 2.278063e+13, 1.064895e+12, 1.467131e+10, 
3.965119e+20, 3.197807e+19, 1.461238e+18, 4.761458e+16, 1.160754e+15, 1.263840e+13, 5.801468e+11, 7.785625e+09, 
4.000657e+20, 2.872911e+19, 1.170411e+18, 3.406607e+16, 7.411906e+14, 7.207899e+12, 3.241606e+11, 4.234812e+09, 
4.031136e+20, 2.591492e+19, 9.462583e+17, 2.472904e+16, 4.827267e+14, 4.215511e+12, 1.854406e+11, 2.357708e+09, 
4.057468e+20, 2.346319e+19, 7.714946e+17, 1.818632e+16, 3.200001e+14, 2.521450e+12, 1.082994e+11, 1.340063e+09, 
4.080353e+20, 2.131707e+19, 6.338943e+17, 1.353519e+16, 2.155868e+14, 1.539415e+12, 6.447015e+10, 7.759769e+08, 
4.100362e+20, 1.942898e+19, 5.245127e+17, 1.018313e+16, 1.473834e+14, 9.573975e+11, 3.907929e+10, 4.576104e+08, 
4.117928e+20, 1.776241e+19, 4.369161e+17, 7.740113e+15, 1.021602e+14, 6.059215e+11, 2.408551e+10, 2.744934e+08, 
4.133434e+20, 1.628447e+19, 3.661692e+17, 5.938124e+15, 7.170644e+13, 3.895933e+11, 1.506480e+10, 1.670859e+08, 
4.147178e+20, 1.496894e+19, 3.086230e+17, 4.595234e+15, 5.092068e+13, 2.542005e+11, 9.557897e+09, 1.031495e+08, 
4.159396e+20, 1.379523e+19, 2.615541e+17, 3.585884e+15, 3.656906e+13, 1.682245e+11, 6.145019e+09, 6.451485e+07, 
4.170316e+20, 1.274276e+19, 2.227464e+17, 2.819036e+15, 2.652502e+13, 1.127280e+11, 3.999291e+09, 4.084441e+07, 
4.180115e+20, 1.179569e+19, 1.905528e+17, 2.231375e+15, 1.941706e+13, 7.641494e+10, 2.632058e+09, 2.615253e+07, 
4.188922e+20, 1.094225e+19, 1.637412e+17, 1.778197e+15, 1.434331e+13, 5.239194e+10, 1.751468e+09, 1.692917e+07, 
4.196864e+20, 1.017087e+19, 1.412918e+17, 1.426055e+15, 1.068566e+13, 3.630508e+10, 1.177911e+09, 1.107254e+07, 
4.204050e+20, 9.471468e+18, 1.223936e+17, 1.150366e+15, 8.023470e+12, 2.540623e+10, 7.997479e+08, 7.314230e+06, 
4.210574e+20, 8.835225e+18, 1.064000e+17, 9.329565e+14, 6.067896e+12, 1.793963e+10, 5.476652e+08, 4.873004e+06, 
4.216503e+20, 8.256108e+18, 9.283086e+16, 7.607731e+14, 4.622564e+12, 1.278340e+10, 3.785907e+08, 3.277781e+06, 
4.221910e+20, 7.727105e+18, 8.125608e+16, 6.234155e+14, 3.544676e+12, 9.184148e+09, 2.638582e+08, 2.222632e+06, 
4.226851e+20, 7.243061e+18, 7.134880e+16, 5.132845e+14, 2.735416e+12, 6.650805e+09, 1.852792e+08, 1.518212e+06, 
4.231376e+20, 6.799111e+18, 6.283490e+16, 4.244900e+14, 2.123491e+12, 4.852173e+09, 1.309759e+08, 1.044230e+06, 
4.235531e+20, 6.391017e+18, 5.549101e+16, 3.525297e+14, 1.657705e+12, 3.564734e+09, 9.327473e+07, 7.238091e+05, 
4.239348e+20, 6.015755e+18, 4.914470e+16, 2.940194e+14, 1.301483e+12, 2.637577e+09, 6.690071e+07, 5.052414e+05, 
4.242864e+20, 5.669736e+18, 4.363751e+16, 2.461797e+14, 1.027153e+12, 1.964309e+09, 4.828708e+07, 3.549466e+05, 
4.246108e+20, 5.350122e+18, 3.884376e+16, 2.068938e+14, 8.146920e+11, 1.472005e+09, 3.507030e+07, 2.509831e+05, 
4.249112e+20, 5.053963e+18, 3.465263e+16, 1.744511e+14, 6.490260e+11, 1.109145e+09, 2.561246e+07, 1.783831e+05, 
4.251892e+20, 4.779629e+18, 3.098529e+16, 1.476067e+14, 5.194481e+11, 8.405660e+08, 1.881480e+07, 1.274952e+05, 
4.254471e+20, 4.525022e+18, 2.776635e+16, 1.253004e+14, 4.175509e+11, 6.404824e+08, 1.389338e+07, 9.163186e+04, 
4.256863e+20, 4.288674e+18, 2.493722e+16, 1.067208e+14, 3.371403e+11, 4.907401e+08, 1.031889e+07, 6.625939e+04, 
4.259089e+20, 4.068612e+18, 2.244042e+16, 9.116407e+13, 2.732857e+11, 3.778482e+08, 7.701704e+06, 4.814712e+04, 
4.261162e+20, 3.863499e+18, 2.023239e+16, 7.809923e+13, 2.223763e+11, 2.923193e+08, 5.775384e+06, 3.515618e+04, 
4.263097e+20, 3.671993e+18, 1.827450e+16, 6.708692e+13, 1.816013e+11, 2.271624e+08, 4.349504e+06, 2.577612e+04, 
4.264903e+20, 3.493093e+18, 1.653589e+16, 5.778355e+13, 1.488386e+11, 1.773224e+08, 3.291363e+06, 1.899773e+04, 
4.266593e+20, 3.325674e+18, 1.498784e+16, 4.989533e+13, 1.223958e+11, 1.389948e+08, 2.500883e+06, 1.405858e+04, 
4.268175e+20, 3.168837e+18, 1.360690e+16, 4.318943e+13, 1.009792e+11, 1.093937e+08, 1.908503e+06, 1.044657e+04, 
4.269659e+20, 3.021710e+18, 1.237230e+16, 3.747110e+13, 8.356673e+10, 8.642665e+07, 1.461782e+06, 7.790425e+03, 
4.271051e+20, 2.883579e+18, 1.126678e+16, 3.258352e+13, 6.936574e+10, 6.853804e+07, 1.123770e+06, 5.832450e+03, 
4.272359e+20, 2.753819e+18, 1.027550e+16, 2.839739e+13, 5.775116e+10, 5.455536e+07, 8.672747e+05, 4.384507e+03, 
4.273588e+20, 2.631744e+18, 9.384691e+15, 2.480138e+13, 4.821687e+10, 4.357740e+07, 6.718032e+05, 3.308038e+03, 
4.274745e+20, 2.516926e+18, 8.583787e+15, 2.170876e+13, 4.037548e+10, 3.493649e+07, 5.224057e+05, 2.506197e+03, 
4.275834e+20, 2.408692e+18, 7.861563e+15, 1.903906e+13, 3.389776e+10, 2.810001e+07, 4.075245e+05, 1.904850e+03, 
4.276863e+20, 2.306504e+18, 7.208847e+15, 1.672785e+13, 2.852804e+10, 2.266908e+07, 3.188207e+05, 1.451846e+03, 
4.277832e+20, 2.210172e+18, 6.619479e+15, 1.472769e+13, 2.407521e+10, 1.835052e+07, 2.504022e+05, 1.110751e+03, 
4.278748e+20, 2.119075e+18, 6.085289e+15, 1.298893e+13, 2.036394e+10, 1.489697e+07, 1.972061e+05, 8.522299e+02, 
4.279615e+20, 2.032871e+18, 5.600515e+15, 1.147481e+13, 1.726346e+10, 1.212716e+07, 1.557876e+05, 6.560624e+02, 
4.280437e+20, 1.951163e+18, 5.159609e+15, 1.015256e+13, 1.466465e+10, 9.897152e+06, 1.233551e+05, 5.062688e+02, 
4.281213e+20, 1.873960e+18, 4.759628e+15, 9.000165e+12, 1.248945e+10, 8.103271e+06, 9.801076e+04, 3.920162e+02, 
4.281949e+20, 1.800732e+18, 4.395170e+15, 7.990876e+12, 1.065871e+10, 6.651473e+06, 7.808962e+04, 3.044273e+02, 
4.282647e+20, 1.731202e+18, 4.062558e+15, 7.105060e+12, 9.113867e+09, 5.472866e+06, 6.238173e+04, 2.370671e+02, 
4.283310e+20, 1.665251e+18, 3.759164e+15, 6.327577e+12, 7.809637e+09, 4.515096e+06, 4.995958e+04, 1.851291e+02, 
4.283939e+20, 1.602658e+18, 3.482106e+15, 5.644061e+12, 6.706122e+09, 3.734662e+06, 4.012651e+04, 1.449829e+02, 
4.284537e+20, 1.543105e+18, 3.228355e+15, 5.041113e+12, 5.768789e+09, 3.095971e+06, 3.230068e+04, 1.137767e+02, 
4.285106e+20, 1.486394e+18, 2.995633e+15, 4.508258e+12, 4.970819e+09, 2.571863e+06, 2.605704e+04, 8.950319e+01, 
4.285648e+20, 1.432399e+18, 2.782154e+15, 4.037084e+12, 4.290799e+09, 2.141175e+06, 2.107360e+04, 7.059837e+01, 
4.286164e+20, 1.381002e+18, 2.586271e+15, 3.620132e+12, 3.710603e+09, 1.786678e+06, 1.708396e+04, 5.582701e+01, 
4.286656e+20, 1.332001e+18, 2.406176e+15, 3.250231e+12, 3.214133e+09, 1.493903e+06, 1.387786e+04, 4.422483e+01, 
4.287126e+20, 1.285172e+18, 2.240130e+15, 2.921055e+12, 2.787814e+09, 1.251178e+06, 1.129162e+04, 3.508676e+01, 
4.287573e+20, 1.240585e+18, 2.087550e+15, 2.628997e+12, 2.422672e+09, 1.050391e+06, 9.211194e+03, 2.791582e+01, 
4.288000e+20, 1.198027e+18, 1.946938e+15, 2.369019e+12, 2.108759e+09, 8.836019e+05, 7.531406e+03, 2.227053e+01, 
4.288408e+20, 1.157380e+18, 1.817210e+15, 2.137210e+12, 1.838350e+09, 7.447155e+05, 6.170092e+03, 1.779932e+01, 
4.288798e+20, 1.118494e+18, 1.697285e+15, 1.930049e+12, 1.604791e+09, 6.287172e+05, 5.064107e+03, 1.425246e+01, 
4.289171e+20, 1.081305e+18, 1.586422e+15, 1.744846e+12, 1.402920e+09, 5.317342e+05, 4.164465e+03, 1.143558e+01, 
4.289528e+20, 1.045742e+18, 1.483906e+15, 1.579168e+12, 1.228259e+09, 4.505395e+05, 3.431015e+03, 9.192166e+00, 
4.289870e+20, 1.011655e+18, 1.388855e+15, 1.430513e+12, 1.076635e+09, 3.823133e+05, 2.831213e+03, 7.400495e+00, 
4.290197e+20, 9.790215e+17, 1.300801e+15, 1.297195e+12, 9.450382e+08, 3.249756e+05, 2.340760e+03, 5.971116e+00, 
4.290510e+20, 9.478182e+17, 1.219304e+15, 1.177717e+12, 8.308512e+08, 2.767883e+05, 1.939764e+03, 4.830663e+00, 
4.290810e+20, 9.178397e+17, 1.143486e+15, 1.070037e+12, 7.311837e+08, 2.360349e+05, 1.609349e+03, 3.912822e+00, 
4.291098e+20, 8.891271e+17, 1.073149e+15, 9.732362e+11, 6.443864e+08, 2.016369e+05, 1.337817e+03, 3.175937e+00, 
4.291374e+20, 8.615638e+17, 1.007725e+15, 8.859616e+11, 5.685492e+08, 1.724994e+05, 1.113805e+03, 2.581634e+00, 
4.291639e+20, 8.351193e+17, 9.468890e+14, 8.072784e+11, 5.022699e+08, 1.478043e+05, 9.289244e+02, 2.102462e+00, 
4.291895e+20, 8.096520e+17, 8.900887e+14, 7.360253e+11, 4.440747e+08, 1.267703e+05, 7.755474e+02, 1.713968e+00, 
4.292139e+20, 7.852450e+17, 8.373012e+14, 6.717891e+11, 3.931882e+08, 1.089251e+05, 6.488049e+02, 1.400552e+00, 
4.292375e+20, 7.617463e+17, 7.880007e+14, 6.135717e+11, 3.484446e+08, 9.369604e+04, 5.434023e+02, 1.145546e+00, 
4.292601e+20, 7.391497e+17, 7.420016e+14, 5.608473e+11, 3.091223e+08, 8.070292e+04, 4.557718e+02, 9.384113e-01, 
4.292819e+20, 7.174005e+17, 6.990322e+14, 5.130291e+11, 2.745056e+08, 6.959585e+04, 3.827689e+02, 7.698157e-01, 
4.293029e+20, 6.964849e+17, 6.589180e+14, 4.696801e+11, 2.440358e+08, 6.010055e+04, 3.219787e+02, 6.325810e-01, 
4.293230e+20, 6.763700e+17, 6.214565e+14, 4.303566e+11, 2.171918e+08, 5.197332e+04, 2.712436e+02, 5.207695e-01, 
4.293424e+20, 6.570095e+17, 5.864338e+14, 3.946342e+11, 1.935027e+08, 4.500335e+04, 2.288386e+02, 4.293101e-01, 
4.293611e+20, 6.383040e+17, 5.535591e+14, 3.620457e+11, 1.725049e+08, 3.899814e+04, 1.932201e+02, 3.541794e-01, 
4.293791e+20, 6.203363e+17, 5.228730e+14, 3.324759e+11, 1.539879e+08, 3.384952e+04, 1.634470e+02, 2.928263e-01, 
4.293965e+20, 6.030287e+17, 4.941406e+14, 3.055545e+11, 1.375983e+08, 2.941780e+04, 1.384631e+02, 2.424591e-01, 
4.294132e+20, 5.862979e+17, 4.671361e+14, 2.809448e+11, 1.230307e+08, 2.558616e+04, 1.173905e+02, 2.008926e-01, 
4.294294e+20, 5.701437e+17, 4.417814e+14, 2.584693e+11, 1.100912e+08, 2.227524e+04, 9.963788e+01, 1.666657e-01, 
4.294450e+20, 5.545965e+17, 4.180472e+14, 2.380008e+11, 9.862773e+07, 1.942107e+04, 8.471557e+01, 1.385330e-01, 
4.294600e+20, 5.395642e+17, 3.957212e+14, 2.192626e+11, 8.841672e+07, 1.694657e+04, 7.209130e+01, 1.152548e-01, 
4.294746e+20, 5.250445e+17, 3.747373e+14, 2.021196e+11, 7.932566e+07, 1.480189e+04, 6.141528e+01, 9.598543e-02, 

0.75

1.864485e+18, 1.568106e+18, 1.273916e+18, 9.691441e+17, 6.754330e+17, 4.915581e+17, 4.061158e+17, 3.355805e+17, 3.046133e+17, 2.649364e+17, 2.222358e+17, 2.014628e+17, 1.806427e+17, 1.535612e+17, 1.398172e+17, 1.427922e+17, 1.368093e+17, 1.228307e+17, 1.015969e+17, 9.942630e+16, 8.532456e+16, 8.493653e+16, 8.220898e+16, 7.043475e+16, 6.849413e+16, 6.721180e+16, 6.944112e+16, 6.493855e+16, 6.495704e+16, 5.917743e+16, 5.991099e+16, 5.425016e+16, 4.896214e+16, 5.433460e+16, 4.637057e+16, 4.596696e+16, 4.539259e+16, 3.798086e+16, 3.962332e+16, 3.943807e+16, 3.733358e+16, 3.989850e+16, 3.511757e+16, 3.426094e+16, 3.024760e+16, 3.337928e+16, 3.258090e+16, 2.943110e+16, 2.941799e+16, 2.929958e+16, 2.215044e+16, 2.210901e+16, 2.676404e+16, 3.108125e+16, 2.510888e+16, 2.888471e+16, 2.583534e+16, 2.672068e+16, 2.615712e+16, 2.129658e+16, 2.176122e+16, 2.048346e+16, 2.608803e+16, 2.315022e+16, 2.415468e+16, 2.597384e+16, 2.604110e+16, 2.220389e+16, 1.659392e+16, 1.916859e+16, 2.042510e+16, 1.939296e+16, 2.372372e+16, 1.777841e+16, 1.841933e+16, 1.288472e+16, 1.668780e+16, 1.552397e+16, 2.816081e+16, 2.227921e+16, 2.646295e+16, 2.315015e+16, 1.474790e+16, 1.379772e+16, 1.524460e+16, 1.474769e+16, 1.513483e+16, 1.850194e+16, 1.353560e+16, 1.632499e+16, 1.821206e+16, 1.653431e+16, 1.700230e+16, 1.811311e+16, 1.446929e+16, 1.217615e+16, 1.258254e+16, 1.207065e+16, 1.228767e+16, 1.217627e+16, 

3.568558e-02, 2.767578e-02, 2.164084e-02, 9.744805e-03, 4.871684e-03, 3.998308e-03, 3.589347e-03, 3.350209e-03, 3.192473e-03, 3.080004e-03, 2.994086e-03, 2.925341e-03, 2.868021e-03, 2.818931e-03, 2.776085e-03, 2.737458e-03, 2.702581e-03, 2.669393e-03, 2.638392e-03, 2.608554e-03, 2.580166e-03, 2.552806e-03, 2.526397e-03, 2.502916e-03, 2.482319e-03, 2.458217e-03, 2.435231e-03, 2.412617e-03, 2.390382e-03, 2.368750e-03, 2.347849e-03, 2.327621e-03, 2.308060e-03, 2.288980e-03, 2.270660e-03, 2.252844e-03, 2.235951e-03, 2.219362e-03, 2.203399e-03, 2.188134e-03, 2.177752e-03, 2.165567e-03, 2.151639e-03, 2.138270e-03, 2.125266e-03, 2.113050e-03, 2.101041e-03, 2.089436e-03, 2.078435e-03, 2.067254e-03, 2.056438e-03, 2.045810e-03, 2.035406e-03, 2.025328e-03, 2.015383e-03, 2.005388e-03, 1.997954e-03, 1.998807e-03, 1.998164e-03, 1.988725e-03, 1.987521e-03, 1.975598e-03, 1.961778e-03, 1.947087e-03, 1.931459e-03, 1.914587e-03, 1.896338e-03, 1.876770e-03, 1.855694e-03, 1.833099e-03, 1.811223e-03, 1.785694e-03, 1.759164e-03, 1.730551e-03, 1.700160e-03, 1.668581e-03, 1.637175e-03, 1.609801e-03, 1.574738e-03, 1.539415e-03, 1.503905e-03, 1.468574e-03, 1.433521e-03, 1.398927e-03, 1.364768e-03, 1.331270e-03, 1.298462e-03, 1.266431e-03, 1.235202e-03, 1.204745e-03, 1.175157e-03, 1.146387e-03, 1.118510e-03, 1.091441e-03, 1.065182e-03, 1.039719e-03, 1.015069e-03, 9.912144e-04, 9.680779e-04, 9.456234e-04, 

1.839924e+11, 1.233657e+14, 2.255453e+16, 1.679832e+18, 4.304135e+19, 3.511817e+20, 3.276452e+19, 1.309880e+18, 
1.338230e+12, 6.813840e+14, 9.557765e+16, 4.829505e+18, 7.474922e+19, 3.397336e+20, 1.042350e+19, 1.679574e+17, 
2.368110e+14, 6.795777e+16, 4.142488e+18, 5.722731e+19, 1.806577e+20, 1.853039e+20, 2.581221e+18, 1.918540e+16, 
1.247300e+19, 7.355055e+19, 1.289186e+20, 1.201611e+20, 7.248362e+19, 2.218853e+19, 2.231236e+17, 1.501209e+15, 
1.103325e+20, 1.461572e+20, 1.030067e+20, 4.890765e+19, 1.824209e+19, 3.314923e+18, 3.869196e+16, 3.346946e+14, 
1.711544e+20, 1.530478e+20, 7.436103e+19, 2.443521e+19, 6.232195e+18, 7.586038e+17, 1.058697e+16, 1.087926e+14, 
2.182654e+20, 1.441975e+20, 5.207328e+19, 1.281634e+19, 2.427365e+18, 2.165434e+17, 3.524145e+15, 4.072343e+13, 
2.548560e+20, 1.303381e+20, 3.662854e+19, 7.062639e+18, 1.041697e+18, 7.171138e+16, 1.325135e+15, 1.654398e+13, 
2.834525e+20, 1.158395e+20, 2.613136e+19, 4.067486e+18, 4.821597e+17, 2.649582e+16, 5.428744e+14, 7.124896e+12, 
3.060668e+20, 1.023036e+20, 1.894823e+19, 2.433289e+18, 2.371536e+17, 1.065852e+16, 2.376481e+14, 3.216579e+12, 
3.241731e+20, 9.023184e+19, 1.396326e+19, 1.504385e+18, 1.226752e+17, 4.593938e+15, 1.096063e+14, 1.510684e+12, 
3.388474e+20, 7.968006e+19, 1.044704e+19, 9.570875e+17, 6.621727e+16, 2.096982e+15, 5.280706e+13, 7.344580e+11, 
3.508758e+20, 7.053554e+19, 7.926167e+18, 6.243409e+17, 3.707172e+16, 1.004917e+15, 2.642477e+13, 3.684631e+11, 
3.608367e+20, 6.263398e+19, 6.090983e+18, 4.164014e+17, 2.142527e+16, 5.022330e+14, 1.366633e+13, 1.901061e+11, 
3.691594e+20, 5.580810e+19, 4.736241e+18, 2.832991e+17, 1.273711e+16, 2.604701e+14, 7.277160e+12, 1.006386e+11, 
3.761738e+20, 4.989953e+19, 3.722607e+18, 1.962026e+17, 7.763859e+15, 1.395622e+14, 3.979037e+12, 5.455168e+10, 
3.821330e+20, 4.476938e+19, 2.954666e+18, 1.380686e+17, 4.839035e+15, 7.697125e+13, 2.227836e+12, 3.021161e+10, 
3.872328e+20, 4.029939e+19, 2.366151e+18, 9.856722e+16, 3.076865e+15, 4.356003e+13, 1.274737e+12, 1.707544e+10, 
3.916235e+20, 3.639256e+19, 1.910641e+18, 7.130543e+16, 1.992505e+15, 2.523942e+13, 7.436077e+11, 9.826370e+09, 
3.954236e+20, 3.296794e+19, 1.554909e+18, 5.222516e+16, 1.312399e+15, 1.494620e+13, 4.420984e+11, 5.755691e+09, 
3.987319e+20, 2.995409e+19, 1.274492e+18, 3.868327e+16, 8.778578e+14, 9.027155e+12, 2.672884e+11, 3.425370e+09, 
4.016253e+20, 2.729348e+19, 1.051699e+18, 2.895587e+16, 5.956912e+14, 5.553168e+12, 1.641597e+11, 2.069381e+09, 
4.041688e+20, 2.493571e+19, 8.732408e+17, 2.188444e+16, 4.095595e+14, 3.473715e+12, 1.023072e+11, 1.267976e+09, 
4.064133e+20, 2.284043e+19, 7.293346e+17, 1.669120e+16, 2.850909e+14, 2.207404e+12, 6.463530e+10, 7.870025e+08, 
4.084018e+20, 2.097265e+19, 6.125122e+17, 1.283926e+16, 2.007546e+14, 1.423433e+12, 4.137890e+10, 4.946904e+08, 
4.101703e+20, 1.930249e+19, 5.170672e+17, 9.955150e+15, 1.428972e+14, 9.305189e+11, 2.680770e+10, 3.145791e+08, 
4.117488e+20, 1.780472e+19, 4.386243e+17, 7.776817e+15, 1.027467e+14, 6.161217e+11, 1.756959e+10, 2.022948e+08, 
4.131625e+20, 1.645751e+19, 3.737792e+17, 6.117648e+15, 7.457584e+13, 4.128355e+11, 1.163870e+10, 1.314290e+08, 
4.144331e+20, 1.524215e+19, 3.198776e+17, 4.843853e+15, 5.460516e+13, 2.796999e+11, 7.790181e+09, 8.625913e+07, 
4.155775e+20, 1.414372e+19, 2.748816e+17, 3.859524e+15, 4.032294e+13, 1.915378e+11, 5.266039e+09, 5.715119e+07, 
4.166109e+20, 1.314880e+19, 2.371498e+17, 3.093776e+15, 3.001809e+13, 1.325099e+11, 3.592212e+09, 3.820199e+07, 
4.175465e+20, 1.224558e+19, 2.053687e+17, 2.494183e+15, 2.251913e+13, 9.256520e+10, 2.471962e+09, 2.575438e+07, 
4.183962e+20, 1.142328e+19, 1.784692e+17, 2.021502e+15, 1.701435e+13, 6.524389e+10, 1.715908e+09, 1.750931e+07, 
4.191695e+20, 1.067321e+19, 1.556140e+17, 1.646759e+15, 1.294324e+13, 4.638324e+10, 1.200601e+09, 1.199848e+07, 
4.198746e+20, 9.987926e+18, 1.361281e+17, 1.348110e+15, 9.911496e+12, 3.324990e+10, 8.462608e+08, 8.280325e+06, 
4.205188e+20, 9.360630e+18, 1.194542e+17, 1.108844e+15, 7.638011e+12, 2.402528e+10, 6.008719e+08, 5.755940e+06, 
4.211087e+20, 8.785207e+18, 1.051328e+17, 9.161251e+14, 5.921315e+12, 1.749065e+10, 4.296655e+08, 4.028732e+06, 
4.216500e+20, 8.256438e+18, 9.279097e+16, 7.601483e+14, 4.616827e+12, 1.282521e+10, 3.093171e+08, 2.838162e+06, 
4.221475e+20, 7.769720e+18, 8.212124e+16, 6.333246e+14, 3.619558e+12, 9.469248e+09, 2.241380e+08, 2.012406e+06, 
4.226058e+20, 7.320848e+18, 7.286621e+16, 5.297174e+14, 2.852506e+12, 7.037173e+09, 1.634078e+08, 1.435299e+06, 
4.230282e+20, 6.906531e+18, 6.482043e+16, 4.447753e+14, 2.259652e+12, 5.263731e+09, 1.198325e+08, 1.029528e+06, 
4.234187e+20, 6.523141e+18, 5.779912e+16, 3.747820e+14, 1.798520e+12, 3.960645e+09, 8.838703e+07, 7.427511e+05, 
4.237801e+20, 6.167967e+18, 5.165729e+16, 3.169005e+14, 1.438139e+12, 2.997475e+09, 6.555709e+07, 5.387397e+05, 
4.241149e+20, 5.838591e+18, 4.627269e+16, 2.688704e+14, 1.155201e+12, 2.281460e+09, 4.887080e+07, 3.927085e+05, 
4.244256e+20, 5.532677e+18, 4.153939e+16, 2.288651e+14, 9.319763e+11, 1.745960e+09, 3.662524e+07, 2.877720e+05, 
4.247145e+20, 5.247979e+18, 3.736553e+16, 1.954025e+14, 7.549283e+11, 1.342917e+09, 2.757341e+07, 2.117938e+05, 
4.249833e+20, 4.982896e+18, 3.367935e+16, 1.673417e+14, 6.140052e+11, 1.038174e+09, 2.086147e+07, 1.566491e+05, 
4.252338e+20, 4.735671e+18, 3.041517e+16, 1.437240e+14, 5.013109e+11, 8.064476e+08, 1.585580e+07, 1.163979e+05, 
4.254675e+20, 4.504827e+18, 2.751838e+16, 1.237833e+14, 4.108221e+11, 6.293551e+08, 1.210271e+07, 8.684686e+04, 
4.256861e+20, 4.288889e+18, 2.494058e+16, 1.068861e+14, 3.378328e+11, 4.932746e+08, 9.277556e+06, 6.507360e+04, 
4.258904e+20, 4.086831e+18, 2.264387e+16, 9.253780e+13, 2.787842e+11, 3.883090e+08, 7.141241e+06, 4.895594e+04, 
4.260818e+20, 3.897554e+18, 2.059354e+16, 8.031920e+13, 2.308361e+11, 3.069729e+08, 5.518930e+06, 3.697625e+04, 
4.262611e+20, 3.720110e+18, 1.876014e+16, 6.988833e+13, 1.917721e+11, 2.436839e+08, 4.282449e+06, 2.804004e+04, 
4.264294e+20, 3.553415e+18, 1.711593e+16, 6.095018e+13, 1.598017e+11, 1.941744e+08, 3.334586e+06, 2.133632e+04, 
4.265876e+20, 3.396730e+18, 1.563945e+16, 5.327550e+13, 1.335629e+11, 1.553059e+08, 2.606304e+06, 1.629531e+04, 
4.267364e+20, 3.249251e+18, 1.431076e+16, 4.666666e+13, 1.119503e+11, 1.246592e+08, 2.043792e+06, 1.248436e+04, 
4.268764e+20, 3.110425e+18, 1.311405e+16, 4.096668e+13, 9.410752e+10, 1.004222e+08, 1.608171e+06, 9.596588e+03, 
4.270084e+20, 2.979537e+18, 1.203375e+16, 3.603599e+13, 7.932285e+10, 8.117074e+07, 1.269497e+06, 7.401146e+03, 
4.271329e+20, 2.856047e+18, 1.105716e+16, 3.176173e+13, 6.703806e+10, 6.582641e+07, 1.005161e+06, 5.725295e+03, 
4.272504e+20, 2.739351e+18, 1.017235e+16, 2.804601e+13, 5.679495e+10, 5.354603e+07, 7.982566e+05, 4.441961e+03, 
4.273615e+20, 2.629106e+18, 9.370421e+15, 2.481281e+13, 4.824057e+10, 4.369613e+07, 6.360254e+05, 3.457923e+03, 
4.274665e+20, 2.524810e+18, 8.642114e+15, 2.199177e+13, 4.107284e+10, 3.576450e+07, 5.082124e+05, 2.699489e+03, 
4.275659e+20, 2.426071e+18, 7.979797e+15, 1.952572e+13, 3.505194e+10, 2.935790e+07, 4.072629e+05, 2.113674e+03, 
4.276601e+20, 2.332526e+18, 7.376695e+15, 1.736582e+13, 2.998187e+10, 2.416729e+07, 3.272233e+05, 1.659285e+03, 
4.277493e+20, 2.243861e+18, 6.826952e+15, 1.547112e+13, 2.570328e+10, 1.995053e+07, 2.636547e+05, 1.306193e+03, 
4.278339e+20, 2.159765e+18, 6.325221e+15, 1.380607e+13, 2.208412e+10, 1.651496e+07, 2.130178e+05, 1.031114e+03, 
4.279144e+20, 2.079727e+18, 5.865485e+15, 1.233620e+13, 1.900737e+10, 1.370039e+07, 1.724381e+05, 8.154339e+02, 
4.279909e+20, 2.003694e+18, 5.444828e+15, 1.103991e+13, 1.639311e+10, 1.139470e+07, 1.399493e+05, 6.465672e+02, 
4.280636e+20, 1.931375e+18, 5.059248e+15, 9.894146e+12, 1.416568e+10, 9.499805e+06, 1.138418e+05, 5.138641e+02, 
4.281327e+20, 1.862613e+18, 4.705767e+15, 8.880809e+12, 1.226573e+10, 7.940014e+06, 9.285864e+04, 4.095429e+02, 
4.281985e+20, 1.797123e+18, 4.381012e+15, 7.982192e+12, 1.064002e+10, 6.651423e+06, 7.591441e+04, 3.271756e+02, 
4.282612e+20, 1.734733e+18, 4.082419e+15, 7.184297e+12, 9.246598e+09, 5.584567e+06, 6.219007e+04, 2.619027e+02, 
4.283209e+20, 1.675260e+18, 3.807600e+15, 6.474832e+12, 8.050021e+09, 4.699253e+06, 5.106154e+04, 2.101329e+02, 
4.283779e+20, 1.618559e+18, 3.554508e+15, 5.843333e+12, 7.020939e+09, 3.963158e+06, 4.202460e+04, 1.690150e+02, 
4.284323e+20, 1.564396e+18, 3.320866e+15, 5.279634e+12, 6.133019e+09, 3.348882e+06, 3.465418e+04, 1.362031e+02, 
4.284843e+20, 1.512637e+18, 3.105013e+15, 4.775887e+12, 5.365726e+09, 2.835292e+06, 2.863267e+04, 1.099856e+02, 
4.285339e+20, 1.463180e+18, 2.905533e+15, 4.325399e+12, 4.701948e+09, 2.405250e+06, 2.370490e+04, 8.899338e+01, 
4.285814e+20, 1.415860e+18, 2.720866e+15, 3.921691e+12, 4.126287e+09, 2.044130e+06, 1.966173e+04, 7.214636e+01, 
4.286269e+20, 1.370539e+18, 2.549681e+15, 3.559270e+12, 3.626010e+09, 1.740148e+06, 1.633344e+04, 5.857785e+01, 
4.286704e+20, 1.327179e+18, 2.391101e+15, 3.234031e+12, 3.191246e+09, 1.484174e+06, 1.359541e+04, 4.765706e+01, 
4.287122e+20, 1.285595e+18, 2.243795e+15, 2.941244e+12, 2.812097e+09, 1.267800e+06, 1.133247e+04, 3.882559e+01, 
4.287521e+20, 1.245804e+18, 2.107221e+15, 2.678114e+12, 2.481878e+09, 1.085084e+06, 9.466371e+03, 3.170398e+01, 
4.287903e+20, 1.207668e+18, 1.980352e+15, 2.441073e+12, 2.193490e+09, 9.303092e+05, 7.922068e+03, 2.593841e+01, 
4.288270e+20, 1.171119e+18, 1.862455e+15, 2.227394e+12, 1.941373e+09, 7.990258e+05, 6.642050e+03, 2.126276e+01, 
4.288623e+20, 1.135986e+18, 1.752531e+15, 2.034065e+12, 1.720088e+09, 6.871879e+05, 5.576354e+03, 1.745343e+01, 
4.288961e+20, 1.102272e+18, 1.650185e+15, 1.859338e+12, 1.526021e+09, 5.919635e+05, 4.689496e+03, 1.435158e+01, 
4.289286e+20, 1.069878e+18, 1.554747e+15, 1.701134e+12, 1.355458e+09, 5.106867e+05, 3.949825e+03, 1.182004e+01, 
4.289598e+20, 1.038762e+18, 1.465745e+15, 1.557842e+12, 1.205454e+09, 4.412498e+05, 3.332106e+03, 9.751365e+00, 
4.289898e+20, 1.008793e+18, 1.382500e+15, 1.427635e+12, 1.073067e+09, 3.817024e+05, 2.814254e+03, 8.054346e+00, 
4.290187e+20, 9.799561e+17, 1.304697e+15, 1.309377e+12, 9.562555e+08, 3.306368e+05, 2.380325e+03, 6.662551e+00, 
4.290465e+20, 9.522374e+17, 1.232032e+15, 1.202019e+12, 8.532037e+08, 2.868390e+05, 2.016664e+03, 5.520822e+00, 
4.290733e+20, 9.255416e+17, 1.164012e+15, 1.104303e+12, 7.620321e+08, 2.491561e+05, 1.710779e+03, 4.580907e+00, 
4.290990e+20, 8.998530e+17, 1.100381e+15, 1.015402e+12, 6.813814e+08, 2.167321e+05, 1.453512e+03, 3.807181e+00, 
4.291239e+20, 8.750708e+17, 1.040687e+15, 9.342700e+11, 6.097976e+08, 1.887316e+05, 1.236302e+03, 3.167736e+00, 
4.291478e+20, 8.511737e+17, 9.846990e+14, 8.602284e+11, 5.462486e+08, 1.645411e+05, 1.052828e+03, 2.638968e+00, 
4.291709e+20, 8.281403e+17, 9.321984e+14, 7.926564e+11, 4.898173e+08, 1.436316e+05, 8.978091e+02, 2.201727e+00, 
4.291932e+20, 8.059472e+17, 8.829716e+14, 7.309773e+11, 4.396849e+08, 1.255457e+05, 7.667387e+02, 1.839876e+00, 
4.292146e+20, 7.845597e+17, 8.367941e+14, 6.746387e+11, 3.951054e+08, 1.098832e+05, 6.557673e+02, 1.539925e+00, 
4.292353e+20, 7.639064e+17, 7.933767e+14, 6.230445e+11, 3.553515e+08, 9.627734e+04, 5.614820e+02, 1.290339e+00, 
4.292553e+20, 7.439435e+17, 7.525079e+14, 5.757322e+11, 3.198463e+08, 8.443779e+04, 4.812304e+02, 1.082333e+00, 

   1

1.846566e+18, 1.636658e+18, 1.444791e+18, 1.219563e+18, 8.486793e+17, 6.088218e+17, 4.871331e+17, 4.052710e+17, 3.202189e+17, 2.663083e+17, 2.229604e+17, 2.017549e+17, 1.881162e+17, 1.667522e+17, 1.346680e+17, 1.267504e+17, 1.281993e+17, 1.123120e+17, 9.382039e+16, 8.793315e+16, 8.685115e+16, 7.923304e+16, 7.444442e+16, 7.945131e+16, 7.124493e+16, 5.647526e+16, 5.715852e+16, 4.872588e+16, 5.069986e+16, 4.594187e+16, 4.555001e+16, 4.488058e+16, 4.481782e+16, 4.413244e+16, 4.166662e+16, 3.825962e+16, 4.216386e+16, 3.686922e+16, 3.257895e+16, 3.428444e+16, 3.351873e+16, 3.138213e+16, 2.560254e+16, 2.343075e+16, 2.618187e+16, 2.814816e+16, 2.957861e+16, 2.614199e+16, 2.383831e+16, 2.316450e+16, 2.431570e+16, 2.551523e+16, 2.553944e+16, 2.502805e+16, 1.984516e+16, 1.627799e+16, 2.137889e+16, 2.289695e+16, 2.598397e+16, 2.127845e+16, 2.075730e+16, 1.398661e+16, 2.257775e+16, 2.126158e+16, 2.045463e+16, 2.055489e+16, 1.766028e+16, 1.661854e+16, 1.548517e+16, 1.221550e+16, 1.487337e+16, 2.241044e+16, 1.385387e+16, 1.240077e+16, 1.221173e+16, 1.704970e+16, 1.404710e+16, 1.193269e+16, 1.247423e+16, 1.198146e+16, 1.341352e+16, 1.630094e+16, 1.353522e+16, 1.303884e+16, 1.168314e+16, 1.322001e+16, 1.712927e+16, 1.297984e+16, 1.239198e+16, 1.449997e+16, 1.409547e+16, 1.712078e+16, 1.666957e+16, 1.666596e+16, 9.127751e+15, 9.543361e+15, 9.161397e+15, 1.356542e+16, 1.065747e+16, 7.327870e+15, 

4.179481e-02, 3.234514e-02, 2.750859e-02, 2.240564e-02, 1.164145e-02, 5.285954e-03, 4.198420e-03, 3.710169e-03, 3.423594e-03, 3.232261e-03, 3.092901e-03, 2.986135e-03, 2.908294e-03, 2.900051e-03, 2.867993e-03, 2.823512e-03, 2.783759e-03, 2.747837e-03, 2.715373e-03, 2.684817e-03, 2.656116e-03, 2.639740e-03, 2.614922e-03, 2.589901e-03, 2.565772e-03, 2.542220e-03, 2.519156e-03, 2.496584e-03, 2.474217e-03, 2.452447e-03, 2.431384e-03, 2.410619e-03, 2.390414e-03, 2.370668e-03, 2.351375e-03, 2.332618e-03, 2.314263e-03, 2.296710e-03, 2.279310e-03, 2.262472e-03, 2.245993e-03, 2.229915e-03, 2.214034e-03, 2.198708e-03, 2.183854e-03, 2.169549e-03, 2.155468e-03, 2.141919e-03, 2.128694e-03, 2.115829e-03, 2.103296e-03, 2.091222e-03, 2.079444e-03, 2.067951e-03, 2.056777e-03, 2.045881e-03, 2.035076e-03, 2.024618e-03, 2.014332e-03, 2.004196e-03, 1.993978e-03, 1.983674e-03, 1.973256e-03, 1.962589e-03, 1.952643e-03, 1.942689e-03, 1.930844e-03, 1.918489e-03, 1.905455e-03, 1.891628e-03, 1.876842e-03, 1.861140e-03, 1.845505e-03, 1.827390e-03, 1.808023e-03, 1.787311e-03, 1.765268e-03, 1.741876e-03, 1.717087e-03, 1.692072e-03, 1.665762e-03, 1.637318e-03, 1.607949e-03, 1.577809e-03, 1.547499e-03, 1.516470e-03, 1.485752e-03, 1.454369e-03, 1.422683e-03, 1.391260e-03, 1.360168e-03, 1.329502e-03, 1.299296e-03, 1.269664e-03, 1.240649e-03, 1.212357e-03, 1.184781e-03, 1.157934e-03, 1.131737e-03, 1.106196e-03, 

9.259377e+10, 6.609715e+13, 1.418592e+16, 1.215541e+18, 3.683502e+19, 3.532592e+20, 3.700013e+19, 1.675831e+18, 
3.704989e+11, 2.369698e+14, 4.075078e+16, 2.604331e+18, 5.542088e+19, 3.595569e+20, 1.214638e+19, 2.304890e+17, 
1.491033e+12, 9.263274e+14, 1.311301e+17, 6.175008e+18, 8.570412e+19, 3.330579e+20, 4.884697e+18, 4.619733e+16, 
7.800190e+13, 3.394147e+16, 2.855877e+18, 5.080844e+19, 1.813803e+20, 1.934476e+20, 1.466725e+18, 7.125869e+15, 
3.110111e+18, 4.737632e+19, 1.220420e+20, 1.366318e+20, 9.062519e+19, 3.004764e+19, 1.662201e+17, 6.994511e+14, 
8.801334e+19, 1.411235e+20, 1.113365e+20, 5.947659e+19, 2.492944e+19, 5.089892e+18, 3.062778e+16, 1.642715e+14, 
1.482004e+20, 1.535267e+20, 8.564825e+19, 3.203687e+19, 9.290397e+18, 1.288158e+18, 9.151313e+15, 6.023738e+13, 
1.947964e+20, 1.503292e+20, 6.285888e+19, 1.775835e+19, 3.857608e+18, 3.962882e+17, 3.297879e+15, 2.554953e+13, 
2.324762e+20, 1.397011e+20, 4.574996e+19, 1.019528e+19, 1.737187e+18, 1.389549e+17, 1.331636e+15, 1.167597e+13, 
2.628172e+20, 1.267520e+20, 3.348499e+19, 6.057237e+18, 8.343099e+17, 5.365443e+16, 5.814014e+14, 5.591183e+12, 
2.873640e+20, 1.137188e+20, 2.476078e+19, 3.711600e+18, 4.222566e+17, 2.233454e+16, 2.690391e+14, 2.770390e+12, 
3.073724e+20, 1.015317e+20, 1.852489e+19, 2.337719e+18, 2.233141e+17, 9.884125e+15, 1.303925e+14, 1.411681e+12, 
3.238249e+20, 9.051647e+19, 1.402271e+19, 1.508609e+18, 1.225972e+17, 4.603154e+15, 6.566844e+13, 7.370902e+11, 
3.374684e+20, 8.072965e+19, 1.073523e+19, 9.948941e+17, 6.952299e+16, 2.239403e+15, 3.414419e+13, 3.932716e+11, 
3.488754e+20, 7.210753e+19, 8.306349e+18, 6.689629e+17, 4.056267e+16, 1.131479e+15, 1.827240e+13, 2.141779e+11, 
3.584827e+20, 6.454286e+19, 6.491797e+18, 4.578049e+17, 2.427562e+16, 5.912076e+14, 1.002533e+13, 1.188532e+11, 
3.666322e+20, 5.791306e+19, 5.121212e+18, 3.183390e+17, 1.486274e+16, 3.182682e+14, 5.624033e+12, 6.712028e+10, 
3.735944e+20, 5.209687e+19, 4.074727e+18, 2.245603e+17, 9.286182e+15, 1.759260e+14, 3.221162e+12, 3.854719e+10, 
3.795746e+20, 4.699039e+19, 3.268497e+18, 1.605400e+17, 5.911742e+15, 9.963865e+13, 1.879973e+12, 2.249108e+10, 
3.847410e+20, 4.249731e+19, 2.641616e+18, 1.161867e+17, 3.828311e+15, 5.769063e+13, 1.116624e+12, 1.332102e+10, 
3.892264e+20, 3.853580e+19, 2.150184e+18, 8.505355e+16, 2.518679e+15, 3.409076e+13, 6.739678e+11, 8.002643e+09, 
3.931406e+20, 3.503304e+19, 1.761750e+18, 6.292095e+16, 1.681264e+15, 2.052364e+13, 4.130331e+11, 4.872823e+09, 
3.965721e+20, 3.192736e+19, 1.452401e+18, 4.700379e+16, 1.137408e+15, 1.256963e+13, 2.567259e+11, 3.005004e+09, 
3.995914e+20, 2.916795e+19, 1.204452e+18, 3.544046e+16, 7.793120e+14, 7.824181e+12, 1.617076e+11, 1.875662e+09, 
4.022593e+20, 2.670889e+19, 1.004337e+18, 2.695271e+16, 5.402651e+14, 4.943817e+12, 1.031223e+11, 1.184137e+09, 
4.046252e+20, 2.451190e+19, 8.418353e+17, 2.066442e+16, 3.786966e+14, 3.167995e+12, 6.653410e+10, 7.556858e+08, 
4.067301e+20, 2.254453e+19, 7.091374e+17, 1.596575e+16, 2.682376e+14, 2.057225e+12, 4.342001e+10, 4.874285e+08, 
4.086094e+20, 2.077780e+19, 6.001385e+17, 1.242443e+16, 1.918576e+14, 1.352537e+12, 2.864160e+10, 3.175679e+08, 
4.102927e+20, 1.918733e+19, 5.101333e+17, 9.734444e+15, 1.384930e+14, 8.996534e+11, 1.908219e+10, 2.088598e+08, 
4.118040e+20, 1.775272e+19, 4.354693e+17, 7.676762e+15, 1.008563e+14, 6.051266e+11, 1.283782e+10, 1.386273e+08, 
4.131650e+20, 1.645565e+19, 3.732321e+17, 6.091531e+15, 7.406207e+13, 4.113330e+11, 8.716820e+09, 9.281219e+07, 
4.143932e+20, 1.528073e+19, 3.211357e+17, 4.862489e+15, 5.482392e+13, 2.824490e+11, 5.971622e+09, 6.266616e+07, 
4.155053e+20, 1.421346e+19, 2.773085e+17, 3.902856e+15, 4.088498e+13, 1.957723e+11, 4.125280e+09, 4.264906e+07, 
4.165139e+20, 1.324264e+19, 2.403117e+17, 3.149570e+15, 3.071216e+13, 1.369433e+11, 2.872716e+09, 2.924539e+07, 
4.174309e+20, 1.235759e+19, 2.089505e+17, 2.554695e+15, 2.322937e+13, 9.662455e+10, 2.016146e+09, 2.020255e+07, 
4.182659e+20, 1.154972e+19, 1.822824e+17, 2.082596e+15, 1.768839e+13, 6.875733e+10, 1.425354e+09, 1.405317e+07, 
4.190282e+20, 1.081057e+19, 1.595123e+17, 1.705763e+15, 1.355453e+13, 4.931819e+10, 1.014949e+09, 9.843346e+06, 
4.197253e+20, 1.013324e+19, 1.400064e+17, 1.403495e+15, 1.045039e+13, 3.564777e+10, 7.276332e+08, 6.939040e+06, 
4.203642e+20, 9.511394e+18, 1.232388e+17, 1.159817e+15, 8.104155e+12, 2.595591e+10, 5.250340e+08, 4.922110e+06, 
4.209509e+20, 8.939388e+18, 1.087751e+17, 9.624071e+14, 6.319445e+12, 1.903051e+10, 3.812816e+08, 3.512695e+06, 
4.214902e+20, 8.412745e+18, 9.626908e+16, 8.018713e+14, 4.954805e+12, 1.404914e+10, 2.786414e+08, 2.522008e+06, 
4.219872e+20, 7.926742e+18, 8.541527e+16, 6.706560e+14, 3.904626e+12, 1.043802e+10, 2.048113e+08, 1.820674e+06, 
4.224458e+20, 7.477689e+18, 7.597122e+16, 5.629921e+14, 3.092293e+12, 7.803396e+09, 1.513791e+08, 1.321328e+06, 
4.228694e+20, 7.062376e+18, 6.773523e+16, 4.743421e+14, 2.460941e+12, 5.869592e+09, 1.125215e+08, 9.641769e+05, 
4.232614e+20, 6.677656e+18, 6.053220e+16, 4.010488e+14, 1.967645e+12, 4.440916e+09, 8.407532e+07, 7.070674e+05, 
4.236247e+20, 6.320699e+18, 5.421481e+16, 3.402105e+14, 1.580235e+12, 3.378745e+09, 6.314025e+07, 5.210560e+05, 
4.239620e+20, 5.989080e+18, 4.866076e+16, 2.895323e+14, 1.274567e+12, 2.584504e+09, 4.765213e+07, 3.857837e+05, 
4.242754e+20, 5.680615e+18, 4.376627e+16, 2.471720e+14, 1.032307e+12, 1.987287e+09, 3.613429e+07, 2.869317e+05, 
4.245669e+20, 5.393452e+18, 3.944484e+16, 2.116599e+14, 8.395351e+11, 1.535953e+09, 2.752685e+07, 2.143580e+05, 
4.248385e+20, 5.125674e+18, 3.561900e+16, 1.817780e+14, 6.854150e+11, 1.192901e+09, 2.106530e+07, 1.608408e+05, 
4.250919e+20, 4.875736e+18, 3.222533e+16, 1.565599e+14, 5.617163e+11, 9.308800e+08, 1.619063e+07, 1.211864e+05, 
4.253285e+20, 4.642137e+18, 2.920806e+16, 1.352086e+14, 4.620184e+11, 7.297243e+08, 1.249473e+07, 9.166984e+04, 
4.255498e+20, 4.423557e+18, 2.651981e+16, 1.170766e+14, 3.813507e+11, 5.745511e+08, 9.680419e+06, 6.960135e+04, 
4.257570e+20, 4.218798e+18, 2.411990e+16, 1.016346e+14, 3.158367e+11, 4.542974e+08, 7.529797e+06, 5.304770e+04, 
4.259511e+20, 4.026860e+18, 2.197407e+16, 8.845142e+13, 2.624556e+11, 3.607206e+08, 5.878329e+06, 4.057386e+04, 
4.261332e+20, 3.846662e+18, 2.005087e+16, 7.716113e+13, 2.187873e+11, 2.875527e+08, 4.606175e+06, 3.114478e+04, 
4.263042e+20, 3.677386e+18, 1.832476e+16, 6.747047e+13, 1.829566e+11, 2.301244e+08, 3.622681e+06, 2.399263e+04, 
4.264650e+20, 3.518199e+18, 1.677267e+16, 5.913068e+13, 1.534567e+11, 1.848613e+08, 2.858739e+06, 1.854244e+04, 
4.266162e+20, 3.368377e+18, 1.537480e+16, 5.193660e+13, 1.290935e+11, 1.490486e+08, 2.263596e+06, 1.437749e+04, 
4.267587e+20, 3.227117e+18, 1.411268e+16, 4.571096e+13, 1.088938e+11, 1.205821e+08, 1.798128e+06, 1.118271e+04, 
4.268930e+20, 3.093964e+18, 1.297260e+16, 4.031714e+13, 9.211494e+10, 9.789731e+07, 1.433055e+06, 8.725984e+03, 
4.270198e+20, 2.968183e+18, 1.193982e+16, 3.562740e+13, 7.811900e+10, 7.973159e+07, 1.145265e+06, 6.826867e+03, 
4.271396e+20, 2.849352e+18, 1.100354e+16, 3.154429e+13, 6.642075e+10, 6.514602e+07, 9.181307e+05, 5.357738e+03, 
4.272528e+20, 2.737005e+18, 1.015356e+16, 2.798207e+13, 5.661694e+10, 5.339635e+07, 7.381787e+05, 4.216542e+03, 
4.273599e+20, 2.630659e+18, 9.380493e+15, 2.486657e+13, 4.837530e+10, 4.389602e+07, 5.951279e+05, 3.327304e+03, 
4.274613e+20, 2.529976e+18, 8.676830e+15, 2.213802e+13, 4.143331e+10, 3.619471e+07, 4.811347e+05, 2.632759e+03, 
4.275575e+20, 2.434456e+18, 8.034628e+15, 1.974062e+13, 3.556364e+10, 2.992435e+07, 3.899178e+05, 2.088168e+03, 
4.276487e+20, 2.343852e+18, 7.448312e+15, 1.763234e+13, 3.059358e+10, 2.480905e+07, 3.168510e+05, 1.660603e+03, 
4.277352e+20, 2.257858e+18, 6.912380e+15, 1.577502e+13, 2.637556e+10, 2.062411e+07, 2.581280e+05, 1.323870e+03, 
4.278174e+20, 2.176197e+18, 6.421980e+15, 1.413620e+13, 2.278810e+10, 1.719117e+07, 2.108104e+05, 1.058057e+03, 
4.278954e+20, 2.098587e+18, 5.972635e+15, 1.268741e+13, 1.972959e+10, 1.436680e+07, 1.725877e+05, 8.476667e+02, 
4.279697e+20, 2.024764e+18, 5.560328e+15, 1.140418e+13, 1.711570e+10, 1.203631e+07, 1.416204e+05, 6.806443e+02, 
4.280404e+20, 1.954436e+18, 5.181256e+15, 1.026479e+13, 1.487524e+10, 1.010678e+07, 1.164588e+05, 5.476803e+02, 
4.281077e+20, 1.887453e+18, 4.832655e+15, 9.252415e+12, 1.295262e+10, 8.506636e+06, 9.598268e+04, 4.416844e+02, 
4.281719e+20, 1.823600e+18, 4.511636e+15, 8.351263e+12, 1.129898e+10, 7.176027e+06, 7.928080e+04, 3.569947e+02, 
4.282331e+20, 1.762689e+18, 4.215687e+15, 7.547844e+12, 9.873816e+09, 6.066818e+06, 6.562045e+04, 2.891363e+02, 
4.282915e+20, 1.704537e+18, 3.942501e+15, 6.830346e+12, 8.642952e+09, 5.139814e+06, 5.442473e+04, 2.346502e+02, 
4.283473e+20, 1.649014e+18, 3.690199e+15, 6.188977e+12, 7.578455e+09, 4.363707e+06, 4.523077e+04, 1.908232e+02, 
4.284006e+20, 1.595893e+18, 3.456616e+15, 5.614037e+12, 6.654863e+09, 3.711582e+06, 3.765539e+04, 1.554473e+02, 
4.284516e+20, 1.545106e+18, 3.240428e+15, 5.098605e+12, 5.853153e+09, 3.163178e+06, 3.140802e+04, 1.268716e+02, 
4.285004e+20, 1.496534e+18, 3.040193e+15, 4.636015e+12, 5.156198e+09, 2.701125e+06, 2.624967e+04, 1.037599e+02, 
4.285471e+20, 1.450042e+18, 2.854506e+15, 4.220169e+12, 4.549088e+09, 2.310895e+06, 2.197758e+04, 8.501316e+01, 
4.285918e+20, 1.405482e+18, 2.682019e+15, 3.845573e+12, 4.018964e+09, 1.980408e+06, 1.843069e+04, 6.976501e+01, 
4.286347e+20, 1.362770e+18, 2.521724e+15, 3.507877e+12, 3.555552e+09, 1.700112e+06, 1.548183e+04, 5.734699e+01, 
4.286758e+20, 1.321845e+18, 2.372764e+15, 3.203361e+12, 3.150188e+09, 1.462154e+06, 1.302859e+04, 4.722871e+01, 
4.287151e+20, 1.282615e+18, 2.234227e+15, 2.928450e+12, 2.795067e+09, 1.259758e+06, 1.098443e+04, 3.896961e+01, 
4.287530e+20, 1.244906e+18, 2.104982e+15, 2.679394e+12, 2.482777e+09, 1.086897e+06, 9.273178e+03, 3.219621e+01, 
4.287893e+20, 1.208684e+18, 1.984453e+15, 2.453795e+12, 2.208108e+09, 9.391983e+05, 7.840223e+03, 2.664097e+01, 
4.288242e+20, 1.173879e+18, 1.871982e+15, 2.249259e+12, 1.966232e+09, 8.128067e+05, 6.639268e+03, 2.208067e+01, 
4.288578e+20, 1.140462e+18, 1.767080e+15, 2.063844e+12, 1.753196e+09, 7.045958e+05, 5.631571e+03, 1.833278e+01, 
4.288900e+20, 1.108338e+18, 1.669084e+15, 1.895447e+12, 1.565151e+09, 6.117177e+05, 4.784199e+03, 1.524521e+01, 
4.289210e+20, 1.077411e+18, 1.577377e+15, 1.742189e+12, 1.398772e+09, 5.317888e+05, 4.069812e+03, 1.269478e+01, 
4.289509e+20, 1.047636e+18, 1.491529e+15, 1.602630e+12, 1.251442e+09, 4.629287e+05, 3.466716e+03, 1.058536e+01, 
4.289796e+20, 1.018961e+18, 1.411118e+15, 1.475435e+12, 1.120830e+09, 4.035212e+05, 2.956953e+03, 8.838728e+00, 
4.290073e+20, 9.913239e+17, 1.335723e+15, 1.359363e+12, 1.004862e+09, 3.521783e+05, 2.525311e+03, 7.389759e+00, 
4.290340e+20, 9.647099e+17, 1.265073e+15, 1.253481e+12, 9.019057e+08, 3.077982e+05, 2.159768e+03, 6.187532e+00, 
4.290597e+20, 9.390803e+17, 1.198848e+15, 1.156833e+12, 8.104201e+08, 2.693917e+05, 1.849932e+03, 5.189121e+00, 
4.290845e+20, 9.143677e+17, 1.136676e+15, 1.068455e+12, 7.289584e+08, 2.360764e+05, 1.586664e+03, 4.358041e+00, 
4.291084e+20, 8.904925e+17, 1.078179e+15, 9.874393e+11, 6.562269e+08, 2.070931e+05, 1.362242e+03, 3.663744e+00, 
4.291315e+20, 8.674457e+17, 1.023175e+15, 9.132056e+11, 5.913037e+08, 1.818787e+05, 1.170971e+03, 3.083954e+00, 

   1

1.846566e+18, 1.636658e+18, 1.444791e+18, 1.219563e+18, 8.486793e+17, 6.088218e+17, 4.871331e+17, 4.052710e+17, 3.202189e+17, 2.663083e+17, 2.229604e+17, 2.017549e+17, 1.881162e+17, 1.667522e+17, 1.346680e+17, 1.267504e+17, 1.281993e+17, 1.123120e+17, 9.382039e+16, 8.793315e+16, 8.685115e+16, 7.923304e+16, 7.444442e+16, 7.945131e+16, 7.124493e+16, 5.647526e+16, 5.715852e+16, 4.872588e+16, 5.069986e+16, 4.594187e+16, 4.555001e+16, 4.488058e+16, 4.481782e+16, 4.413244e+16, 4.166662e+16, 3.825962e+16, 4.216386e+16, 3.686922e+16, 3.257895e+16, 3.428444e+16, 3.351873e+16, 3.138213e+16, 2.560254e+16, 2.343075e+16, 2.618187e+16, 2.814816e+16, 2.957861e+16, 2.614199e+16, 2.383831e+16, 2.316450e+16, 2.431570e+16, 2.551523e+16, 2.553944e+16, 2.502805e+16, 1.984516e+16, 1.627799e+16, 2.137889e+16, 2.289695e+16, 2.598397e+16, 2.127845e+16, 2.075730e+16, 1.398661e+16, 2.257775e+16, 2.126158e+16, 2.045463e+16, 2.055489e+16, 1.766028e+16, 1.661854e+16, 1.548517e+16, 1.221550e+16, 1.487337e+16, 2.241044e+16, 1.385387e+16, 1.240077e+16, 1.221173e+16, 1.704970e+16, 1.404710e+16, 1.193269e+16, 1.247423e+16, 1.198146e+16, 1.341352e+16, 1.630094e+16, 1.353522e+16, 1.303884e+16, 1.168314e+16, 1.322001e+16, 1.712927e+16, 1.297984e+16, 1.239198e+16, 1.449997e+16, 1.409547e+16, 1.712078e+16, 1.666957e+16, 1.666596e+16, 9.127751e+15, 9.543361e+15, 9.161397e+15, 1.356542e+16, 1.065747e+16, 7.327870e+15, 

4.179481e-02, 3.234514e-02, 2.750859e-02, 2.240564e-02, 1.164145e-02, 5.285954e-03, 4.198420e-03, 3.710169e-03, 3.423594e-03, 3.232261e-03, 3.092901e-03, 2.986135e-03, 2.908294e-03, 2.900051e-03, 2.867993e-03, 2.823512e-03, 2.783759e-03, 2.747837e-03, 2.715373e-03, 2.684817e-03, 2.656116e-03, 2.639740e-03, 2.614922e-03, 2.589901e-03, 2.565772e-03, 2.542220e-03, 2.519156e-03, 2.496584e-03, 2.474217e-03, 2.452447e-03, 2.431384e-03, 2.410619e-03, 2.390414e-03, 2.370668e-03, 2.351375e-03, 2.332618e-03, 2.314263e-03, 2.296710e-03, 2.279310e-03, 2.262472e-03, 2.245993e-03, 2.229915e-03, 2.214034e-03, 2.198708e-03, 2.183854e-03, 2.169549e-03, 2.155468e-03, 2.141919e-03, 2.128694e-03, 2.115829e-03, 2.103296e-03, 2.091222e-03, 2.079444e-03, 2.067951e-03, 2.056777e-03, 2.045881e-03, 2.035076e-03, 2.024618e-03, 2.014332e-03, 2.004196e-03, 1.993978e-03, 1.983674e-03, 1.973256e-03, 1.962589e-03, 1.952643e-03, 1.942689e-03, 1.930844e-03, 1.918489e-03, 1.905455e-03, 1.891628e-03, 1.876842e-03, 1.861140e-03, 1.845505e-03, 1.827390e-03, 1.808023e-03, 1.787311e-03, 1.765268e-03, 1.741876e-03, 1.717087e-03, 1.692072e-03, 1.665762e-03, 1.637318e-03, 1.607949e-03, 1.577809e-03, 1.547499e-03, 1.516470e-03, 1.485752e-03, 1.454369e-03, 1.422683e-03, 1.391260e-03, 1.360168e-03, 1.329502e-03, 1.299296e-03, 1.269664e-03, 1.240649e-03, 1.212357e-03, 1.184781e-03, 1.157934e-03, 1.131737e-03, 1.106196e-03, 

9.259377e+10, 6.609715e+13, 1.418592e+16, 1.215541e+18, 3.683502e+19, 3.532592e+20, 3.700013e+19, 1.675831e+18, 
3.704989e+11, 2.369698e+14, 4.075078e+16, 2.604331e+18, 5.542088e+19, 3.595569e+20, 1.214638e+19, 2.304890e+17, 
1.491033e+12, 9.263274e+14, 1.311301e+17, 6.175008e+18, 8.570412e+19, 3.330579e+20, 4.884697e+18, 4.619733e+16, 
7.800190e+13, 3.394147e+16, 2.855877e+18, 5.080844e+19, 1.813803e+20, 1.934476e+20, 1.466725e+18, 7.125869e+15, 
3.110111e+18, 4.737632e+19, 1.220420e+20, 1.366318e+20, 9.062519e+19, 3.004764e+19, 1.662201e+17, 6.994511e+14, 
8.801334e+19, 1.411235e+20, 1.113365e+20, 5.947659e+19, 2.492944e+19, 5.089892e+18, 3.062778e+16, 1.642715e+14, 
1.482004e+20, 1.535267e+20, 8.564825e+19, 3.203687e+19, 9.290397e+18, 1.288158e+18, 9.151313e+15, 6.023738e+13, 
1.947964e+20, 1.503292e+20, 6.285888e+19, 1.775835e+19, 3.857608e+18, 3.962882e+17, 3.297879e+15, 2.554953e+13, 
2.324762e+20, 1.397011e+20, 4.574996e+19, 1.019528e+19, 1.737187e+18, 1.389549e+17, 1.331636e+15, 1.167597e+13, 
2.628172e+20, 1.267520e+20, 3.348499e+19, 6.057237e+18, 8.343099e+17, 5.365443e+16, 5.814014e+14, 5.591183e+12, 
2.873640e+20, 1.137188e+20, 2.476078e+19, 3.711600e+18, 4.222566e+17, 2.233454e+16, 2.690391e+14, 2.770390e+12, 
3.073724e+20, 1.015317e+20, 1.852489e+19, 2.337719e+18, 2.233141e+17, 9.884125e+15, 1.303925e+14, 1.411681e+12, 
3.238249e+20, 9.051647e+19, 1.402271e+19, 1.508609e+18, 1.225972e+17, 4.603154e+15, 6.566844e+13, 7.370902e+11, 
3.374684e+20, 8.072965e+19, 1.073523e+19, 9.948941e+17, 6.952299e+16, 2.239403e+15, 3.414419e+13, 3.932716e+11, 
3.488754e+20, 7.210753e+19, 8.306349e+18, 6.689629e+17, 4.056267e+16, 1.131479e+15, 1.827240e+13, 2.141779e+11, 
3.584827e+20, 6.454286e+19, 6.491797e+18, 4.578049e+17, 2.427562e+16, 5.912076e+14, 1.002533e+13, 1.188532e+11, 
3.666322e+20, 5.791306e+19, 5.121212e+18, 3.183390e+17, 1.486274e+16, 3.182682e+14, 5.624033e+12, 6.712028e+10, 
3.735944e+20, 5.209687e+19, 4.074727e+18, 2.245603e+17, 9.286182e+15, 1.759260e+14, 3.221162e+12, 3.854719e+10, 
3.795746e+20, 4.699039e+19, 3.268497e+18, 1.605400e+17, 5.911742e+15, 9.963865e+13, 1.879973e+12, 2.249108e+10, 
3.847410e+20, 4.249731e+19, 2.641616e+18, 1.161867e+17, 3.828311e+15, 5.769063e+13, 1.116624e+12, 1.332102e+10, 
3.892264e+20, 3.853580e+19, 2.150184e+18, 8.505355e+16, 2.518679e+15, 3.409076e+13, 6.739678e+11, 8.002643e+09, 
3.931406e+20, 3.503304e+19, 1.761750e+18, 6.292095e+16, 1.681264e+15, 2.052364e+13, 4.130331e+11, 4.872823e+09, 
3.965721e+20, 3.192736e+19, 1.452401e+18, 4.700379e+16, 1.137408e+15, 1.256963e+13, 2.567259e+11, 3.005004e+09, 
3.995914e+20, 2.916795e+19, 1.204452e+18, 3.544046e+16, 7.793120e+14, 7.824181e+12, 1.617076e+11, 1.875662e+09, 
4.022593e+20, 2.670889e+19, 1.004337e+18, 2.695271e+16, 5.402651e+14, 4.943817e+12, 1.031223e+11, 1.184137e+09, 
4.046252e+20, 2.451190e+19, 8.418353e+17, 2.066442e+16, 3.786966e+14, 3.167995e+12, 6.653410e+10, 7.556858e+08, 
4.067301e+20, 2.254453e+19, 7.091374e+17, 1.596575e+16, 2.682376e+14, 2.057225e+12, 4.342001e+10, 4.874285e+08, 
4.086094e+20, 2.077780e+19, 6.001385e+17, 1.242443e+16, 1.918576e+14, 1.352537e+12, 2.864160e+10, 3.175679e+08, 
4.102927e+20, 1.918733e+19, 5.101333e+17, 9.734444e+15, 1.384930e+14, 8.996534e+11, 1.908219e+10, 2.088598e+08, 
4.118040e+20, 1.775272e+19, 4.354693e+17, 7.676762e+15, 1.008563e+14, 6.051266e+11, 1.283782e+10, 1.386273e+08, 
4.131650e+20, 1.645565e+19, 3.732321e+17, 6.091531e+15, 7.406207e+13, 4.113330e+11, 8.716820e+09, 9.281219e+07, 
4.143932e+20, 1.528073e+19, 3.211357e+17, 4.862489e+15, 5.482392e+13, 2.824490e+11, 5.971622e+09, 6.266616e+07, 
4.155053e+20, 1.421346e+19, 2.773085e+17, 3.902856e+15, 4.088498e+13, 1.957723e+11, 4.125280e+09, 4.264906e+07, 
4.165139e+20, 1.324264e+19, 2.403117e+17, 3.149570e+15, 3.071216e+13, 1.369433e+11, 2.872716e+09, 2.924539e+07, 
4.174309e+20, 1.235759e+19, 2.089505e+17, 2.554695e+15, 2.322937e+13, 9.662455e+10, 2.016146e+09, 2.020255e+07, 
4.182659e+20, 1.154972e+19, 1.822824e+17, 2.082596e+15, 1.768839e+13, 6.875733e+10, 1.425354e+09, 1.405317e+07, 
4.190282e+20, 1.081057e+19, 1.595123e+17, 1.705763e+15, 1.355453e+13, 4.931819e+10, 1.014949e+09, 9.843346e+06, 
4.197253e+20, 1.013324e+19, 1.400064e+17, 1.403495e+15, 1.045039e+13, 3.564777e+10, 7.276332e+08, 6.939040e+06, 
4.203642e+20, 9.511394e+18, 1.232388e+17, 1.159817e+15, 8.104155e+12, 2.595591e+10, 5.250340e+08, 4.922110e+06, 
4.209509e+20, 8.939388e+18, 1.087751e+17, 9.624071e+14, 6.319445e+12, 1.903051e+10, 3.812816e+08, 3.512695e+06, 
4.214902e+20, 8.412745e+18, 9.626908e+16, 8.018713e+14, 4.954805e+12, 1.404914e+10, 2.786414e+08, 2.522008e+06, 
4.219872e+20, 7.926742e+18, 8.541527e+16, 6.706560e+14, 3.904626e+12, 1.043802e+10, 2.048113e+08, 1.820674e+06, 
4.224458e+20, 7.477689e+18, 7.597122e+16, 5.629921e+14, 3.092293e+12, 7.803396e+09, 1.513791e+08, 1.321328e+06, 
4.228694e+20, 7.062376e+18, 6.773523e+16, 4.743421e+14, 2.460941e+12, 5.869592e+09, 1.125215e+08, 9.641769e+05, 
4.232614e+20, 6.677656e+18, 6.053220e+16, 4.010488e+14, 1.967645e+12, 4.440916e+09, 8.407532e+07, 7.070674e+05, 
4.236247e+20, 6.320699e+18, 5.421481e+16, 3.402105e+14, 1.580235e+12, 3.378745e+09, 6.314025e+07, 5.210560e+05, 
4.239620e+20, 5.989080e+18, 4.866076e+16, 2.895323e+14, 1.274567e+12, 2.584504e+09, 4.765213e+07, 3.857837e+05, 
4.242754e+20, 5.680615e+18, 4.376627e+16, 2.471720e+14, 1.032307e+12, 1.987287e+09, 3.613429e+07, 2.869317e+05, 
4.245669e+20, 5.393452e+18, 3.944484e+16, 2.116599e+14, 8.395351e+11, 1.535953e+09, 2.752685e+07, 2.143580e+05, 
4.248385e+20, 5.125674e+18, 3.561900e+16, 1.817780e+14, 6.854150e+11, 1.192901e+09, 2.106530e+07, 1.608408e+05, 
4.250919e+20, 4.875736e+18, 3.222533e+16, 1.565599e+14, 5.617163e+11, 9.308800e+08, 1.619063e+07, 1.211864e+05, 
4.253285e+20, 4.642137e+18, 2.920806e+16, 1.352086e+14, 4.620184e+11, 7.297243e+08, 1.249473e+07, 9.166984e+04, 
4.255498e+20, 4.423557e+18, 2.651981e+16, 1.170766e+14, 3.813507e+11, 5.745511e+08, 9.680419e+06, 6.960135e+04, 
4.257570e+20, 4.218798e+18, 2.411990e+16, 1.016346e+14, 3.158367e+11, 4.542974e+08, 7.529797e+06, 5.304770e+04, 
4.259511e+20, 4.026860e+18, 2.197407e+16, 8.845142e+13, 2.624556e+11, 3.607206e+08, 5.878329e+06, 4.057386e+04, 
4.261332e+20, 3.846662e+18, 2.005087e+16, 7.716113e+13, 2.187873e+11, 2.875527e+08, 4.606175e+06, 3.114478e+04, 
4.263042e+20, 3.677386e+18, 1.832476e+16, 6.747047e+13, 1.829566e+11, 2.301244e+08, 3.622681e+06, 2.399263e+04, 
4.264650e+20, 3.518199e+18, 1.677267e+16, 5.913068e+13, 1.534567e+11, 1.848613e+08, 2.858739e+06, 1.854244e+04, 
4.266162e+20, 3.368377e+18, 1.537480e+16, 5.193660e+13, 1.290935e+11, 1.490486e+08, 2.263596e+06, 1.437749e+04, 
4.267587e+20, 3.227117e+18, 1.411268e+16, 4.571096e+13, 1.088938e+11, 1.205821e+08, 1.798128e+06, 1.118271e+04, 
4.268930e+20, 3.093964e+18, 1.297260e+16, 4.031714e+13, 9.211494e+10, 9.789731e+07, 1.433055e+06, 8.725984e+03, 
4.270198e+20, 2.968183e+18, 1.193982e+16, 3.562740e+13, 7.811900e+10, 7.973159e+07, 1.145265e+06, 6.826867e+03, 
4.271396e+20, 2.849352e+18, 1.100354e+16, 3.154429e+13, 6.642075e+10, 6.514602e+07, 9.181307e+05, 5.357738e+03, 
4.272528e+20, 2.737005e+18, 1.015356e+16, 2.798207e+13, 5.661694e+10, 5.339635e+07, 7.381787e+05, 4.216542e+03, 
4.273599e+20, 2.630659e+18, 9.380493e+15, 2.486657e+13, 4.837530e+10, 4.389602e+07, 5.951279e+05, 3.327304e+03, 
4.274613e+20, 2.529976e+18, 8.676830e+15, 2.213802e+13, 4.143331e+10, 3.619471e+07, 4.811347e+05, 2.632759e+03, 
4.275575e+20, 2.434456e+18, 8.034628e+15, 1.974062e+13, 3.556364e+10, 2.992435e+07, 3.899178e+05, 2.088168e+03, 
4.276487e+20, 2.343852e+18, 7.448312e+15, 1.763234e+13, 3.059358e+10, 2.480905e+07, 3.168510e+05, 1.660603e+03, 
4.277352e+20, 2.257858e+18, 6.912380e+15, 1.577502e+13, 2.637556e+10, 2.062411e+07, 2.581280e+05, 1.323870e+03, 
4.278174e+20, 2.176197e+18, 6.421980e+15, 1.413620e+13, 2.278810e+10, 1.719117e+07, 2.108104e+05, 1.058057e+03, 
4.278954e+20, 2.098587e+18, 5.972635e+15, 1.268741e+13, 1.972959e+10, 1.436680e+07, 1.725877e+05, 8.476667e+02, 
4.279697e+20, 2.024764e+18, 5.560328e+15, 1.140418e+13, 1.711570e+10, 1.203631e+07, 1.416204e+05, 6.806443e+02, 
4.280404e+20, 1.954436e+18, 5.181256e+15, 1.026479e+13, 1.487524e+10, 1.010678e+07, 1.164588e+05, 5.476803e+02, 
4.281077e+20, 1.887453e+18, 4.832655e+15, 9.252415e+12, 1.295262e+10, 8.506636e+06, 9.598268e+04, 4.416844e+02, 
4.281719e+20, 1.823600e+18, 4.511636e+15, 8.351263e+12, 1.129898e+10, 7.176027e+06, 7.928080e+04, 3.569947e+02, 
4.282331e+20, 1.762689e+18, 4.215687e+15, 7.547844e+12, 9.873816e+09, 6.066818e+06, 6.562045e+04, 2.891363e+02, 
4.282915e+20, 1.704537e+18, 3.942501e+15, 6.830346e+12, 8.642952e+09, 5.139814e+06, 5.442473e+04, 2.346502e+02, 
4.283473e+20, 1.649014e+18, 3.690199e+15, 6.188977e+12, 7.578455e+09, 4.363707e+06, 4.523077e+04, 1.908232e+02, 
4.284006e+20, 1.595893e+18, 3.456616e+15, 5.614037e+12, 6.654863e+09, 3.711582e+06, 3.765539e+04, 1.554473e+02, 
4.284516e+20, 1.545106e+18, 3.240428e+15, 5.098605e+12, 5.853153e+09, 3.163178e+06, 3.140802e+04, 1.268716e+02, 
4.285004e+20, 1.496534e+18, 3.040193e+15, 4.636015e+12, 5.156198e+09, 2.701125e+06, 2.624967e+04, 1.037599e+02, 
4.285471e+20, 1.450042e+18, 2.854506e+15, 4.220169e+12, 4.549088e+09, 2.310895e+06, 2.197758e+04, 8.501316e+01, 
4.285918e+20, 1.405482e+18, 2.682019e+15, 3.845573e+12, 4.018964e+09, 1.980408e+06, 1.843069e+04, 6.976501e+01, 
4.286347e+20, 1.362770e+18, 2.521724e+15, 3.507877e+12, 3.555552e+09, 1.700112e+06, 1.548183e+04, 5.734699e+01, 
4.286758e+20, 1.321845e+18, 2.372764e+15, 3.203361e+12, 3.150188e+09, 1.462154e+06, 1.302859e+04, 4.722871e+01, 
4.287151e+20, 1.282615e+18, 2.234227e+15, 2.928450e+12, 2.795067e+09, 1.259758e+06, 1.098443e+04, 3.896961e+01, 
4.287530e+20, 1.244906e+18, 2.104982e+15, 2.679394e+12, 2.482777e+09, 1.086897e+06, 9.273178e+03, 3.219621e+01, 
4.287893e+20, 1.208684e+18, 1.984453e+15, 2.453795e+12, 2.208108e+09, 9.391983e+05, 7.840223e+03, 2.664097e+01, 
4.288242e+20, 1.173879e+18, 1.871982e+15, 2.249259e+12, 1.966232e+09, 8.128067e+05, 6.639268e+03, 2.208067e+01, 
4.288578e+20, 1.140462e+18, 1.767080e+15, 2.063844e+12, 1.753196e+09, 7.045958e+05, 5.631571e+03, 1.833278e+01, 
4.288900e+20, 1.108338e+18, 1.669084e+15, 1.895447e+12, 1.565151e+09, 6.117177e+05, 4.784199e+03, 1.524521e+01, 
4.289210e+20, 1.077411e+18, 1.577377e+15, 1.742189e+12, 1.398772e+09, 5.317888e+05, 4.069812e+03, 1.269478e+01, 
4.289509e+20, 1.047636e+18, 1.491529e+15, 1.602630e+12, 1.251442e+09, 4.629287e+05, 3.466716e+03, 1.058536e+01, 
4.289796e+20, 1.018961e+18, 1.411118e+15, 1.475435e+12, 1.120830e+09, 4.035212e+05, 2.956953e+03, 8.838728e+00, 
4.290073e+20, 9.913239e+17, 1.335723e+15, 1.359363e+12, 1.004862e+09, 3.521783e+05, 2.525311e+03, 7.389759e+00, 
4.290340e+20, 9.647099e+17, 1.265073e+15, 1.253481e+12, 9.019057e+08, 3.077982e+05, 2.159768e+03, 6.187532e+00, 
4.290597e+20, 9.390803e+17, 1.198848e+15, 1.156833e+12, 8.104201e+08, 2.693917e+05, 1.849932e+03, 5.189121e+00, 
4.290845e+20, 9.143677e+17, 1.136676e+15, 1.068455e+12, 7.289584e+08, 2.360764e+05, 1.586664e+03, 4.358041e+00, 
4.291084e+20, 8.904925e+17, 1.078179e+15, 9.874393e+11, 6.562269e+08, 2.070931e+05, 1.362242e+03, 3.663744e+00, 
4.291315e+20, 8.674457e+17, 1.023175e+15, 9.132056e+11, 5.913037e+08, 1.818787e+05, 1.170971e+03, 3.083954e+00, 

