 0.1

1.808932e+18, 1.373098e+18, 1.087676e+18, 9.065262e+17, 7.834109e+17, 7.303038e+17, 6.517371e+17, 5.760592e+17, 5.439286e+17, 5.019026e+17, 4.814483e+17, 4.567937e+17, 3.923825e+17, 3.813508e+17, 3.590479e+17, 3.448225e+17, 3.388302e+17, 3.130588e+17, 3.011556e+17, 2.802286e+17, 2.527650e+17, 2.218194e+17, 2.372659e+17, 2.170860e+17, 2.080399e+17, 2.066289e+17, 2.101692e+17, 2.089398e+17, 1.816245e+17, 1.603493e+17, 1.598763e+17, 1.625100e+17, 1.555609e+17, 1.672454e+17, 1.705419e+17, 1.605891e+17, 1.430894e+17, 1.547537e+17, 1.459081e+17, 1.384866e+17, 1.375252e+17, 1.401192e+17, 1.244370e+17, 1.234603e+17, 1.203891e+17, 1.103156e+17, 1.088684e+17, 1.066691e+17, 9.150388e+16, 9.475683e+16, 9.988584e+16, 9.848982e+16, 9.001046e+16, 8.871569e+16, 8.010207e+16, 8.738673e+16, 9.334753e+16, 8.622841e+16, 7.461765e+16, 7.503550e+16, 8.203160e+16, 7.623981e+16, 8.150952e+16, 9.161427e+16, 8.199934e+16, 7.374768e+16, 6.488260e+16, 6.588040e+16, 6.516117e+16, 6.593736e+16, 6.069820e+16, 5.853916e+16, 6.370374e+16, 6.542472e+16, 6.387015e+16, 5.993357e+16, 5.531732e+16, 5.800430e+16, 5.868119e+16, 5.973369e+16, 5.831390e+16, 5.759483e+16, 4.714165e+16, 4.751340e+16, 4.800813e+16, 4.860871e+16, 4.583656e+16, 4.471616e+16, 4.766448e+16, 5.207784e+16, 4.562306e+16, 4.705420e+16, 5.141318e+16, 4.182627e+16, 4.483140e+16, 3.925543e+16, 3.548060e+16, 4.109351e+16, 4.206352e+16, 4.016412e+16, 

1.465393e-02, 5.877199e-03, 4.295793e-03, 3.811023e-03, 3.563383e-03, 3.401101e-03, 3.281473e-03, 3.181344e-03, 3.092851e-03, 3.018821e-03, 3.002800e-03, 3.021156e-03, 2.990672e-03, 2.967409e-03, 2.945551e-03, 2.921191e-03, 2.900052e-03, 2.880412e-03, 2.863195e-03, 2.853592e-03, 2.836644e-03, 2.819522e-03, 2.802813e-03, 2.788026e-03, 2.772241e-03, 2.757773e-03, 2.742856e-03, 2.727493e-03, 2.712150e-03, 2.695160e-03, 2.677420e-03, 2.658791e-03, 2.639550e-03, 2.618697e-03, 2.596410e-03, 2.571702e-03, 2.544425e-03, 2.514144e-03, 2.481702e-03, 2.445736e-03, 2.406317e-03, 2.363303e-03, 2.316816e-03, 2.266939e-03, 2.214710e-03, 2.159544e-03, 2.113932e-03, 2.056613e-03, 1.995689e-03, 1.934313e-03, 1.874958e-03, 1.813599e-03, 1.752698e-03, 1.693475e-03, 1.634881e-03, 1.578248e-03, 1.523390e-03, 1.469705e-03, 1.418330e-03, 1.369773e-03, 1.323241e-03, 1.277725e-03, 1.233823e-03, 1.192402e-03, 1.151945e-03, 1.113401e-03, 1.076695e-03, 1.041575e-03, 1.008145e-03, 9.756666e-04, 9.448864e-04, 9.146196e-04, 8.863351e-04, 8.588643e-04, 8.323294e-04, 8.069026e-04, 7.823640e-04, 7.588235e-04, 7.360775e-04, 7.143157e-04, 6.931757e-04, 6.731864e-04, 6.537286e-04, 6.350855e-04, 6.172935e-04, 6.001231e-04, 5.832935e-04, 5.670728e-04, 5.515840e-04, 5.365875e-04, 5.219345e-04, 5.078872e-04, 4.943877e-04, 4.810103e-04, 4.683050e-04, 4.561193e-04, 4.442528e-04, 4.327768e-04, 4.215369e-04, 4.107918e-04, 

7.375866e+17, 6.887214e+18, 2.666781e+19, 5.638804e+19, 1.093193e+20, 
5.769889e+19, 7.315514e+19, 4.442691e+19, 1.825200e+19, 6.467056e+18, 
1.076926e+20, 6.548827e+19, 2.122261e+19, 4.735155e+18, 8.613302e+17, 
1.333010e+20, 5.329346e+19, 1.149633e+19, 1.708105e+18, 2.011291e+17, 
1.492395e+20, 4.316184e+19, 6.798072e+18, 7.379010e+17, 6.268803e+16, 
1.599293e+20, 3.539041e+19, 4.297048e+18, 3.597859e+17, 2.344126e+16, 
1.674971e+20, 2.944376e+19, 2.857816e+18, 1.913880e+17, 9.948494e+15, 
1.730786e+20, 2.483045e+19, 1.977620e+18, 1.087341e+17, 4.637023e+15, 
1.773200e+20, 2.119886e+19, 1.413713e+18, 6.511502e+16, 2.326931e+15, 
1.806218e+20, 1.829786e+19, 1.038411e+18, 4.071942e+16, 1.239905e+15, 
1.832520e+20, 1.594113e+19, 7.798476e+17, 2.637144e+16, 6.933921e+14, 
1.853868e+20, 1.399864e+19, 5.965484e+17, 1.757895e+16, 4.033864e+14, 
1.871412e+20, 1.238263e+19, 4.638849e+17, 1.202095e+16, 2.429679e+14, 
1.885998e+20, 1.102562e+19, 3.660450e+17, 8.408564e+15, 1.509280e+14, 
1.898298e+20, 9.871783e+18, 2.923575e+17, 5.992471e+15, 9.614668e+13, 
1.908773e+20, 8.882322e+18, 2.360066e+17, 4.341137e+15, 6.261785e+13, 
1.917746e+20, 8.029732e+18, 1.924458e+17, 3.193718e+15, 4.163713e+13, 
1.925508e+20, 7.288499e+18, 1.582848e+17, 2.380752e+15, 2.818100e+13, 
1.932265e+20, 6.640467e+18, 1.312177e+17, 1.796166e+15, 1.938311e+13, 
1.938186e+20, 6.070446e+18, 1.095522e+17, 1.369805e+15, 1.352641e+13, 
1.943394e+20, 5.567491e+18, 9.208698e+16, 1.055478e+15, 9.570229e+12, 
1.948005e+20, 5.120804e+18, 7.786718e+16, 8.206361e+14, 6.853313e+12, 
1.952088e+20, 4.724335e+18, 6.625998e+16, 6.441722e+14, 4.970973e+12, 
1.955731e+20, 4.369663e+18, 5.667764e+16, 5.096562e+14, 3.643534e+12, 
1.959014e+20, 4.049478e+18, 4.867575e+16, 4.056809e+14, 2.692266e+12, 
1.961956e+20, 3.762022e+18, 4.201523e+16, 3.253901e+14, 2.009697e+12, 
1.964618e+20, 3.501573e+18, 3.640664e+16, 2.625178e+14, 1.511915e+12, 
1.967030e+20, 3.265167e+18, 3.166484e+16, 2.129902e+14, 1.145933e+12, 
1.969225e+20, 3.049729e+18, 2.763299e+16, 1.736810e+14, 8.743907e+11, 
1.971226e+20, 2.853059e+18, 2.419356e+16, 1.423267e+14, 6.716286e+11, 
1.973045e+20, 2.674118e+18, 2.126377e+16, 1.173092e+14, 5.198891e+11, 
1.974709e+20, 2.510255e+18, 1.874713e+16, 9.714373e+13, 4.049541e+11, 
1.976237e+20, 2.359601e+18, 1.657275e+16, 8.077004e+13, 3.170981e+11, 
1.977645e+20, 2.220717e+18, 1.468698e+16, 6.740701e+13, 2.495345e+11, 
1.978940e+20, 2.092849e+18, 1.305144e+16, 5.648664e+13, 1.974400e+11, 
1.980144e+20, 1.973967e+18, 1.161734e+16, 4.745375e+13, 1.567395e+11, 
1.981259e+20, 1.863731e+18, 1.036182e+16, 3.998693e+13, 1.249276e+11, 
1.982286e+20, 1.762069e+18, 9.267688e+15, 3.383583e+13, 1.001292e+11, 
1.983236e+20, 1.668097e+18, 8.310405e+15, 2.874160e+13, 8.066171e+10, 
1.984123e+20, 1.580224e+18, 7.462185e+15, 2.446431e+13, 6.515282e+10, 
1.984946e+20, 1.498658e+18, 6.715772e+15, 2.089475e+13, 5.286765e+10, 
1.985715e+20, 1.422400e+18, 6.053317e+15, 1.788714e+13, 4.302885e+10, 
1.986435e+20, 1.350974e+18, 5.463910e+15, 1.534487e+13, 3.511923e+10, 
1.987109e+20, 1.284175e+18, 4.939978e+15, 1.319626e+13, 2.875817e+10, 
1.987735e+20, 1.221987e+18, 4.475835e+15, 1.138500e+13, 2.364902e+10, 
1.988323e+20, 1.163665e+18, 4.061291e+15, 9.844058e+12, 1.950483e+10, 
1.988870e+20, 1.109269e+18, 3.692789e+15, 8.538165e+12, 1.615393e+10, 
1.989387e+20, 1.057941e+18, 3.361021e+15, 7.416417e+12, 1.340439e+10, 
1.989872e+20, 1.009764e+18, 3.063734e+15, 6.456779e+12, 1.115640e+10, 
1.990327e+20, 9.644890e+17, 2.796966e+15, 5.634097e+12, 9.314387e+09, 
1.990757e+20, 9.217758e+17, 2.556340e+15, 4.924612e+12, 7.793882e+09, 
1.991160e+20, 8.816115e+17, 2.339827e+15, 4.313898e+12, 6.539996e+09, 
1.991542e+20, 8.436638e+17, 2.144008e+15, 3.785146e+12, 5.499773e+09, 
1.991899e+20, 8.080984e+17, 1.968243e+15, 3.330501e+12, 4.642328e+09, 
1.992241e+20, 7.740781e+17, 1.807083e+15, 2.930923e+12, 3.919307e+09, 
1.992563e+20, 7.420031e+17, 1.661443e+15, 2.584709e+12, 3.318280e+09, 
1.992869e+20, 7.116156e+17, 1.529071e+15, 2.282794e+12, 2.814974e+09, 
1.993161e+20, 6.825238e+17, 1.407412e+15, 2.016502e+12, 2.388379e+09, 
1.993436e+20, 6.550991e+17, 1.297326e+15, 1.785175e+12, 2.032337e+09, 
1.993694e+20, 6.294371e+17, 1.198385e+15, 1.585414e+12, 1.736771e+09, 
1.993938e+20, 6.051272e+17, 1.108239e+15, 1.410378e+12, 1.487453e+09, 
1.994173e+20, 5.816257e+17, 1.024409e+15, 1.253816e+12, 1.272762e+09, 
1.994399e+20, 5.591650e+17, 9.473368e+14, 1.115352e+12, 1.089952e+09, 
1.994611e+20, 5.380248e+17, 8.775531e+14, 9.947196e+11, 9.366144e+08, 
1.994815e+20, 5.176590e+17, 8.127908e+14, 8.869296e+11, 8.045032e+08, 
1.995009e+20, 4.983753e+17, 7.537474e+14, 7.923020e+11, 6.927460e+08, 
1.995192e+20, 4.800735e+17, 6.997664e+14, 7.089430e+11, 5.978423e+08, 
1.995367e+20, 4.626110e+17, 6.501309e+14, 6.350544e+11, 5.167191e+08, 
1.995533e+20, 4.460801e+17, 6.048055e+14, 5.699808e+11, 4.477439e+08, 
1.995693e+20, 4.300871e+17, 5.625091e+14, 5.113965e+11, 3.878088e+08, 
1.995845e+20, 4.149814e+17, 5.239576e+14, 4.598669e+11, 3.368963e+08, 
1.995993e+20, 4.002261e+17, 4.876034e+14, 4.129633e+11, 2.921283e+08, 
1.996131e+20, 3.864421e+17, 4.548270e+14, 3.721374e+11, 2.544927e+08, 
1.996265e+20, 3.731210e+17, 4.242261e+14, 3.353149e+11, 2.216762e+08, 
1.996393e+20, 3.602965e+17, 3.957663e+14, 3.022283e+11, 1.931718e+08, 
1.996516e+20, 3.480549e+17, 3.695150e+14, 2.727374e+11, 1.686026e+08, 
1.996634e+20, 3.362937e+17, 3.451349e+14, 2.462627e+11, 1.472660e+08, 
1.996746e+20, 3.250478e+17, 3.225955e+14, 2.225976e+11, 1.288129e+08, 
1.996855e+20, 3.142205e+17, 3.016094e+14, 2.012874e+11, 1.127329e+08, 
1.996958e+20, 3.039203e+17, 2.822872e+14, 1.823059e+11, 9.885958e+07, 
1.997058e+20, 2.939675e+17, 2.642168e+14, 1.651271e+11, 8.669977e+07, 
1.997152e+20, 2.845703e+17, 2.477033e+14, 1.499301e+11, 7.628167e+07, 
1.997243e+20, 2.754358e+17, 2.321637e+14, 1.360799e+11, 6.708538e+07, 
1.997331e+20, 2.666904e+17, 2.177599e+14, 1.236468e+11, 5.908852e+07, 
1.997414e+20, 2.583735e+17, 2.044845e+14, 1.125426e+11, 5.216166e+07, 
1.997494e+20, 2.503782e+17, 1.921113e+14, 1.025097e+11, 4.609017e+07, 
1.997572e+20, 2.425725e+17, 1.804017e+14, 9.330536e+10, 4.068765e+07, 
1.997647e+20, 2.350832e+17, 1.695068e+14, 8.500239e+10, 3.595846e+07, 
1.997719e+20, 2.279513e+17, 1.594460e+14, 7.756751e+10, 3.184956e+07, 
1.997788e+20, 2.210561e+17, 1.500114e+14, 7.080284e+10, 2.822144e+07, 
1.997855e+20, 2.143567e+17, 1.411159e+14, 6.461499e+10, 2.499888e+07, 
1.997919e+20, 2.079441e+17, 1.328555e+14, 5.903949e+10, 2.218037e+07, 
1.997981e+20, 2.017929e+17, 1.251655e+14, 5.400151e+10, 1.970736e+07, 
1.998041e+20, 1.957452e+17, 1.178224e+14, 4.933140e+10, 1.747939e+07, 
1.998099e+20, 1.899857e+17, 1.110384e+14, 4.514333e+10, 1.554045e+07, 
1.998154e+20, 1.844902e+17, 1.047497e+14, 4.137288e+10, 1.384337e+07, 
1.998208e+20, 1.791364e+17, 9.880052e+13, 3.790745e+10, 1.232814e+07, 
1.998259e+20, 1.739676e+17, 9.322214e+13, 3.475093e+10, 1.098703e+07, 
1.998310e+20, 1.689464e+17, 8.795200e+13, 3.185310e+10, 9.788779e+06, 
1.998358e+20, 1.641553e+17, 8.306714e+13, 2.924338e+10, 8.739941e+06, 

0.45

2.061674e+18, 2.097239e+18, 2.018699e+18, 2.032390e+18, 1.970568e+18, 1.634037e+18, 1.229269e+18, 1.032845e+18, 8.403714e+17, 7.977590e+17, 6.819129e+17, 6.525879e+17, 5.960093e+17, 4.873924e+17, 4.763358e+17, 4.592668e+17, 3.951825e+17, 3.948796e+17, 3.945933e+17, 3.452491e+17, 3.148628e+17, 3.270367e+17, 2.992394e+17, 2.639902e+17, 2.729261e+17, 2.710156e+17, 2.486605e+17, 2.163755e+17, 2.279523e+17, 2.340410e+17, 1.971264e+17, 1.952128e+17, 1.949939e+17, 2.120834e+17, 1.909742e+17, 1.767625e+17, 1.555682e+17, 1.624950e+17, 1.686563e+17, 1.584553e+17, 1.515806e+17, 1.256119e+17, 1.309776e+17, 1.305606e+17, 1.320471e+17, 1.158352e+17, 1.275276e+17, 1.190850e+17, 1.233218e+17, 1.253815e+17, 1.154399e+17, 1.129965e+17, 9.489545e+16, 1.002188e+17, 1.020599e+17, 8.867442e+16, 9.630914e+16, 9.110183e+16, 9.284389e+16, 8.481934e+16, 8.585692e+16, 8.121458e+16, 7.967202e+16, 8.210241e+16, 7.731905e+16, 8.200530e+16, 7.108244e+16, 6.619670e+16, 7.998679e+16, 7.920302e+16, 6.749544e+16, 5.913197e+16, 6.525591e+16, 6.455696e+16, 6.644204e+16, 6.525296e+16, 5.998844e+16, 6.089833e+16, 5.668116e+16, 5.641346e+16, 5.886573e+16, 5.872443e+16, 5.701679e+16, 5.709889e+16, 5.188830e+16, 5.673186e+16, 5.648259e+16, 5.431415e+16, 5.406566e+16, 5.180283e+16, 5.344042e+16, 5.238363e+16, 4.760626e+16, 4.952063e+16, 5.638763e+16, 4.804742e+16, 4.700456e+16, 4.727741e+16, 4.861677e+16, 4.606270e+16, 

1.992405e-02, 1.958681e-02, 1.908780e-02, 1.864335e-02, 1.789722e-02, 1.326982e-02, 7.238584e-03, 5.319802e-03, 4.526700e-03, 4.077494e-03, 3.790527e-03, 3.599232e-03, 3.456764e-03, 3.344364e-03, 3.258589e-03, 3.206505e-03, 3.143570e-03, 3.086103e-03, 3.060960e-03, 3.032300e-03, 3.001377e-03, 2.988444e-03, 2.960433e-03, 2.934366e-03, 2.911731e-03, 2.890452e-03, 2.869971e-03, 2.851038e-03, 2.832577e-03, 2.815280e-03, 2.799682e-03, 2.782958e-03, 2.767358e-03, 2.752397e-03, 2.739145e-03, 2.724882e-03, 2.710640e-03, 2.696810e-03, 2.683169e-03, 2.669620e-03, 2.656337e-03, 2.643115e-03, 2.629746e-03, 2.616918e-03, 2.604081e-03, 2.591808e-03, 2.579268e-03, 2.567778e-03, 2.556088e-03, 2.544537e-03, 2.533438e-03, 2.522082e-03, 2.511076e-03, 2.500109e-03, 2.489355e-03, 2.508698e-03, 2.510695e-03, 2.501689e-03, 2.492008e-03, 2.482392e-03, 2.479867e-03, 2.500318e-03, 2.491123e-03, 2.482220e-03, 2.473712e-03, 2.464739e-03, 2.455546e-03, 2.446185e-03, 2.437151e-03, 2.436940e-03, 2.428824e-03, 2.419445e-03, 2.409712e-03, 2.400193e-03, 2.390348e-03, 2.380551e-03, 2.370641e-03, 2.360408e-03, 2.350335e-03, 2.339913e-03, 2.329129e-03, 2.318630e-03, 2.307716e-03, 2.296677e-03, 2.285346e-03, 2.273781e-03, 2.261607e-03, 2.249122e-03, 2.239574e-03, 2.244562e-03, 2.243882e-03, 2.229858e-03, 2.214689e-03, 2.199371e-03, 2.183439e-03, 2.166897e-03, 2.149350e-03, 2.131272e-03, 2.143111e-03, 2.134506e-03, 

7.815467e+09, 1.995545e+13, 1.352570e+16, 2.780769e+18, 1.972057e+20, 
9.914624e+09, 2.308334e+13, 1.526276e+16, 2.982338e+18, 1.970024e+20, 
1.358913e+10, 2.950650e+13, 1.685655e+16, 3.206458e+18, 1.967767e+20, 
2.719124e+10, 4.417507e+13, 2.195886e+16, 3.752643e+18, 1.962254e+20, 
3.780889e+14, 1.883010e+16, 8.209623e+17, 1.642432e+19, 1.827355e+20, 
1.583040e+18, 1.400961e+19, 3.934673e+19, 5.998514e+19, 8.507549e+19, 
2.832994e+19, 5.839240e+19, 5.405637e+19, 3.540133e+19, 2.381997e+19, 
5.741711e+19, 6.915421e+19, 4.475886e+19, 2.017328e+19, 8.496546e+18, 
7.891534e+19, 7.094351e+19, 3.477870e+19, 1.180467e+19, 3.557781e+18, 
9.625954e+19, 6.828497e+19, 2.662298e+19, 7.169257e+18, 1.663260e+18, 
1.103368e+20, 6.386359e+19, 2.044327e+19, 4.514232e+18, 8.420949e+17, 
1.218371e+20, 5.892640e+19, 1.584542e+19, 2.937268e+18, 4.538270e+17, 
1.313257e+20, 5.403321e+19, 1.241745e+19, 1.966560e+18, 2.571210e+17, 
1.392354e+20, 4.942413e+19, 9.839077e+18, 1.349636e+18, 1.517764e+17, 
1.458861e+20, 4.519371e+19, 7.880590e+18, 9.468490e+17, 9.279012e+16, 
1.515339e+20, 4.135629e+19, 6.374343e+18, 6.770114e+17, 5.842500e+16, 
1.563683e+20, 3.789832e+19, 5.203289e+18, 4.923204e+17, 3.774190e+16, 
1.605325e+20, 3.479467e+19, 4.284261e+18, 3.635858e+17, 2.494806e+16, 
1.641488e+20, 3.200742e+19, 3.554806e+18, 2.721524e+17, 1.682060e+16, 
1.673075e+20, 2.950396e+19, 2.970729e+18, 2.062259e+17, 1.154474e+16, 
1.700829e+20, 2.725206e+19, 2.498963e+18, 1.580097e+17, 8.051115e+15, 
1.725320e+20, 2.522477e+19, 2.115219e+18, 1.223241e+17, 5.698132e+15, 
1.747053e+20, 2.339455e+19, 1.800484e+18, 9.557797e+16, 4.085985e+15, 
1.766417e+20, 2.173929e+19, 1.540689e+18, 7.532545e+16, 2.965705e+15, 
1.783716e+20, 2.024121e+19, 1.325179e+18, 5.985936e+16, 2.177714e+15, 
1.799258e+20, 1.887973e+19, 1.144985e+18, 4.791621e+16, 1.615417e+15, 
1.813285e+20, 1.763835e+19, 9.933278e+17, 3.860666e+16, 1.209211e+15, 
1.825958e+20, 1.650669e+19, 8.653304e+17, 3.131076e+16, 9.134016e+14, 
1.837439e+20, 1.547307e+19, 7.567921e+17, 2.555159e+16, 6.958848e+14, 
1.847885e+20, 1.452575e+19, 6.641975e+17, 2.096748e+16, 5.342187e+14, 
1.857424e+20, 1.365507e+19, 5.847955e+17, 1.729228e+16, 4.129389e+14, 
1.866137e+20, 1.285508e+19, 5.165918e+17, 1.433515e+16, 3.214618e+14, 
1.874124e+20, 1.211767e+19, 4.576929e+17, 1.193859e+16, 2.518275e+14, 
1.881460e+20, 1.143716e+19, 4.066755e+17, 9.987174e+15, 1.984794e+14, 
1.888218e+20, 1.080741e+19, 3.622836e+17, 8.388435e+15, 1.572892e+14, 
1.894456e+20, 1.022367e+19, 3.235377e+17, 7.072690e+15, 1.253008e+14, 
1.900211e+20, 9.683097e+18, 2.896983e+17, 5.987617e+15, 1.003704e+14, 
1.905539e+20, 9.180918e+18, 2.600051e+17, 5.087294e+15, 8.079267e+13, 
1.910480e+20, 8.713681e+18, 2.338740e+17, 4.337139e+15, 6.533478e+13, 
1.915081e+20, 8.277355e+18, 2.107643e+17, 3.708289e+15, 5.304074e+13, 
1.919358e+20, 7.870667e+18, 1.903428e+17, 3.180982e+15, 4.325029e+13, 
1.923344e+20, 7.490565e+18, 1.722249e+17, 2.736562e+15, 3.540448e+13, 
1.927057e+20, 7.135708e+18, 1.561528e+17, 2.361651e+15, 2.910544e+13, 
1.930532e+20, 6.802961e+18, 1.418155e+17, 2.043276e+15, 2.400866e+13, 
1.933783e+20, 6.490911e+18, 1.290128e+17, 1.772396e+15, 1.987337e+13, 
1.936830e+20, 6.197920e+18, 1.175554e+17, 1.541216e+15, 1.650469e+13, 
1.939688e+20, 5.922605e+18, 1.072858e+17, 1.343435e+15, 1.375180e+13, 
1.942371e+20, 5.663645e+18, 9.806243e+16, 1.173750e+15, 1.149350e+13, 
1.944896e+20, 5.419608e+18, 8.975723e+16, 1.027678e+15, 9.633543e+12, 
1.947272e+20, 5.189638e+18, 8.227268e+16, 9.017361e+14, 8.097993e+12, 
1.949511e+20, 4.972557e+18, 7.551112e+16, 7.928048e+14, 6.825334e+12, 
1.951624e+20, 4.767515e+18, 6.939489e+16, 6.984011e+14, 5.767830e+12, 
1.953618e+20, 4.573713e+18, 6.385470e+16, 6.164186e+14, 4.886677e+12, 
1.955500e+20, 4.390633e+18, 5.883583e+16, 5.451685e+14, 4.151485e+12, 
1.957280e+20, 4.217253e+18, 5.427428e+16, 4.830006e+14, 3.535146e+12, 
1.958966e+20, 4.052833e+18, 5.012012e+16, 4.286180e+14, 3.016819e+12, 
1.960559e+20, 3.897331e+18, 4.634534e+16, 3.811215e+14, 2.581419e+12, 
1.962073e+20, 3.749494e+18, 4.289480e+16, 3.393667e+14, 2.213006e+12, 
1.963511e+20, 3.608872e+18, 3.973784e+16, 3.026086e+14, 1.900742e+12, 
1.964880e+20, 3.474921e+18, 3.684345e+16, 2.701670e+14, 1.635219e+12, 
1.966175e+20, 3.348097e+18, 3.420463e+16, 2.416803e+14, 1.410484e+12, 
1.967407e+20, 3.227256e+18, 3.178235e+16, 2.164807e+14, 1.218783e+12, 
1.968582e+20, 3.112018e+18, 2.955576e+16, 1.941478e+14, 1.054872e+12, 
1.969700e+20, 3.002286e+18, 2.751113e+16, 1.743673e+14, 9.147407e+11, 
1.970764e+20, 2.897832e+18, 2.563326e+16, 1.568355e+14, 7.947943e+11, 
1.971779e+20, 2.798055e+18, 2.390168e+16, 1.412278e+14, 6.916267e+11, 
1.972748e+20, 2.702776e+18, 2.230496e+16, 1.273272e+14, 6.028227e+11, 
1.973674e+20, 2.611642e+18, 2.082969e+16, 1.149177e+14, 5.261801e+11, 
1.974559e+20, 2.524558e+18, 1.946721e+16, 1.038399e+14, 4.599986e+11, 
1.975403e+20, 2.441425e+18, 1.820951e+16, 9.395158e+13, 4.028251e+11, 
1.976212e+20, 2.361664e+18, 1.704235e+16, 8.507470e+13, 3.531419e+11, 
1.976985e+20, 2.285467e+18, 1.596354e+16, 7.713496e+13, 3.101133e+11, 
1.977725e+20, 2.212433e+18, 1.496281e+16, 7.000513e+13, 2.726910e+11, 
1.978434e+20, 2.142541e+18, 1.403542e+16, 6.360666e+13, 2.401427e+11, 
1.979113e+20, 2.075482e+18, 1.317352e+16, 5.784590e+13, 2.117365e+11, 
1.979764e+20, 2.011195e+18, 1.237293e+16, 5.266054e+13, 1.869442e+11, 
1.980387e+20, 1.949600e+18, 1.162939e+16, 4.799209e+13, 1.652922e+11, 
1.980986e+20, 1.890393e+18, 1.093642e+16, 4.377286e+13, 1.463055e+11, 
1.981561e+20, 1.833584e+18, 1.029146e+16, 3.996389e+13, 1.296674e+11, 
1.982112e+20, 1.779033e+18, 9.690724e+15, 3.652135e+13, 1.150720e+11, 
1.982644e+20, 1.726452e+18, 9.128735e+15, 3.339557e+13, 1.022009e+11, 
1.983153e+20, 1.676038e+18, 8.605640e+15, 3.057097e+13, 9.090153e+10, 
1.983643e+20, 1.627524e+18, 8.116791e+15, 2.800741e+13, 8.093599e+10, 
1.984115e+20, 1.580848e+18, 7.659951e+15, 2.568016e+13, 7.214298e+10, 
1.984570e+20, 1.535768e+18, 7.231244e+15, 2.355814e+13, 6.434742e+10, 
1.985007e+20, 1.492472e+18, 6.831136e+15, 2.163337e+13, 5.747214e+10, 
1.985429e+20, 1.450638e+18, 6.455311e+15, 1.987576e+13, 5.136502e+10, 
1.985835e+20, 1.410384e+18, 6.103695e+15, 1.827683e+13, 4.595965e+10, 
1.986226e+20, 1.371594e+18, 5.774153e+15, 1.681930e+13, 4.116454e+10, 
1.986603e+20, 1.334184e+18, 5.465002e+15, 1.548906e+13, 3.690503e+10, 
1.986967e+20, 1.298104e+18, 5.174884e+15, 1.427430e+13, 3.311809e+10, 
1.987318e+20, 1.263325e+18, 4.902680e+15, 1.316493e+13, 2.974974e+10, 
1.987657e+20, 1.229622e+18, 4.645882e+15, 1.214604e+13, 2.673626e+10, 
1.987984e+20, 1.197195e+18, 4.405312e+15, 1.121662e+13, 2.405824e+10, 
1.988299e+20, 1.165937e+18, 4.179465e+15, 1.036675e+13, 2.167203e+10, 
1.988604e+20, 1.135650e+18, 3.966247e+15, 9.585085e+12, 1.953236e+10, 
1.988899e+20, 1.106356e+18, 3.765324e+15, 8.867360e+12, 1.761729e+10, 
1.989183e+20, 1.078089e+18, 3.576403e+15, 8.209659e+12, 1.590633e+10, 
1.989459e+20, 1.050681e+18, 3.397848e+15, 7.603711e+12, 1.436896e+10, 
1.989726e+20, 1.024181e+18, 3.229525e+15, 7.046800e+12, 1.299064e+10, 

0.75

2.120278e+18, 2.100443e+18, 2.023279e+18, 2.122327e+18, 2.002128e+18, 1.910403e+18, 1.961765e+18, 1.912271e+18, 1.884818e+18, 1.684995e+18, 1.410945e+18, 1.152972e+18, 9.745190e+17, 7.948104e+17, 6.676552e+17, 6.200012e+17, 6.188508e+17, 5.692954e+17, 4.727398e+17, 4.513867e+17, 4.055543e+17, 3.892601e+17, 3.798244e+17, 3.266294e+17, 3.164053e+17, 3.134059e+17, 3.026671e+17, 2.946386e+17, 2.742122e+17, 2.637012e+17, 2.490346e+17, 2.410055e+17, 2.195779e+17, 2.478162e+17, 2.224677e+17, 2.167240e+17, 1.971254e+17, 1.833142e+17, 1.821582e+17, 1.751416e+17, 1.638030e+17, 1.639505e+17, 1.530664e+17, 1.472386e+17, 1.419403e+17, 1.416208e+17, 1.372336e+17, 1.323797e+17, 1.338434e+17, 1.316674e+17, 1.125862e+17, 1.022830e+17, 1.125877e+17, 1.124183e+17, 1.087676e+17, 1.058204e+17, 1.068195e+17, 1.122889e+17, 1.119655e+17, 9.590882e+16, 9.633074e+16, 9.346684e+16, 9.454295e+16, 8.566171e+16, 8.558610e+16, 9.926495e+16, 9.805924e+16, 9.306137e+16, 7.312543e+16, 7.840385e+16, 7.812006e+16, 7.109100e+16, 7.075965e+16, 6.782295e+16, 6.580532e+16, 5.832158e+16, 6.648231e+16, 6.727126e+16, 8.031127e+16, 7.381401e+16, 6.971324e+16, 6.096850e+16, 5.383791e+16, 5.648495e+16, 5.323747e+16, 5.078143e+16, 5.191817e+16, 6.240451e+16, 5.505623e+16, 5.274423e+16, 5.617239e+16, 5.318797e+16, 5.579670e+16, 5.580574e+16, 5.077155e+16, 4.467794e+16, 4.155751e+16, 4.390664e+16, 4.570213e+16, 4.068351e+16, 

2.153244e-02, 2.129577e-02, 2.093668e-02, 2.063113e-02, 2.032415e-02, 1.995166e-02, 1.952147e-02, 1.913281e-02, 1.849371e-02, 1.622654e-02, 1.012892e-02, 6.545822e-03, 5.263702e-03, 4.604965e-03, 4.202098e-03, 3.930690e-03, 3.734298e-03, 3.585775e-03, 3.469507e-03, 3.373559e-03, 3.295298e-03, 3.226850e-03, 3.169084e-03, 3.123367e-03, 3.084105e-03, 3.044681e-03, 3.009602e-03, 2.978306e-03, 2.948419e-03, 2.920227e-03, 2.894251e-03, 2.870913e-03, 2.847656e-03, 2.824643e-03, 2.804971e-03, 2.785311e-03, 2.766681e-03, 2.747559e-03, 2.728862e-03, 2.710900e-03, 2.703320e-03, 2.691349e-03, 2.674585e-03, 2.658309e-03, 2.641660e-03, 2.625774e-03, 2.610002e-03, 2.594191e-03, 2.578640e-03, 2.562623e-03, 2.546531e-03, 2.530306e-03, 2.514444e-03, 2.499161e-03, 2.484202e-03, 2.469420e-03, 2.462062e-03, 2.478765e-03, 2.495030e-03, 2.488733e-03, 2.508979e-03, 2.501230e-03, 2.489970e-03, 2.479295e-03, 2.469034e-03, 2.458291e-03, 2.447859e-03, 2.437933e-03, 2.427696e-03, 2.417675e-03, 2.417656e-03, 2.409656e-03, 2.404882e-03, 2.397267e-03, 2.387814e-03, 2.378086e-03, 2.378490e-03, 2.433954e-03, 2.427012e-03, 2.420478e-03, 2.413954e-03, 2.407384e-03, 2.401164e-03, 2.394675e-03, 2.388009e-03, 2.381573e-03, 2.375268e-03, 2.369003e-03, 2.367987e-03, 2.362226e-03, 2.355817e-03, 2.349682e-03, 2.343255e-03, 2.341130e-03, 2.342606e-03, 2.336178e-03, 2.329793e-03, 2.323296e-03, 2.316775e-03, 2.310279e-03, 

8.157619e+09, 2.064387e+13, 1.246322e+16, 2.682713e+18, 1.973048e+20, 
1.011411e+10, 2.332573e+13, 1.398715e+16, 2.873502e+18, 1.971125e+20, 
1.148716e+10, 2.582890e+13, 1.505009e+16, 3.055219e+18, 1.969297e+20, 
1.415952e+10, 3.130520e+13, 1.718419e+16, 3.222752e+18, 1.967600e+20, 
1.648731e+10, 3.635848e+13, 1.891666e+16, 3.401571e+18, 1.965795e+20, 
1.814858e+10, 4.189624e+13, 2.128060e+16, 3.601842e+18, 1.963768e+20, 
2.411798e+10, 4.897067e+13, 2.368622e+16, 3.826453e+18, 1.961498e+20, 
3.348796e+10, 6.300903e+13, 2.853111e+16, 4.263218e+18, 1.957082e+20, 
5.240207e+12, 9.795688e+14, 1.571051e+17, 9.217084e+18, 1.906248e+20, 
5.584901e+16, 1.375060e+18, 1.312422e+19, 4.921013e+19, 1.362347e+20, 
8.216508e+18, 3.688909e+19, 5.449792e+19, 5.005464e+19, 5.034184e+19, 
3.544578e+19, 6.074607e+19, 5.223863e+19, 3.186078e+19, 1.970873e+19, 
5.662972e+19, 6.859194e+19, 4.516226e+19, 2.068637e+19, 8.929713e+18, 
7.391039e+19, 7.079992e+19, 3.725758e+19, 1.356818e+19, 4.463933e+18, 
8.856029e+19, 6.965071e+19, 3.029444e+19, 9.094224e+18, 2.400343e+18, 
1.009756e+20, 6.682745e+19, 2.459418e+19, 6.237617e+18, 1.365138e+18, 
1.115381e+20, 6.324376e+19, 2.003599e+19, 4.370573e+18, 8.116155e+17, 
1.205794e+20, 5.938825e+19, 1.641109e+19, 3.121074e+18, 5.001992e+17, 
1.283608e+20, 5.552691e+19, 1.352702e+19, 2.267424e+18, 3.178022e+17, 
1.350945e+20, 5.180122e+19, 1.122378e+19, 1.673165e+18, 2.073088e+17, 
1.409573e+20, 4.827942e+19, 9.372940e+18, 1.251994e+18, 1.383415e+17, 
1.460901e+20, 4.499096e+19, 7.876031e+18, 9.487287e+17, 9.418428e+16, 
1.506085e+20, 4.194213e+19, 6.656980e+18, 7.271341e+17, 6.526244e+16, 
1.546055e+20, 3.912774e+19, 5.657722e+18, 5.630899e+17, 4.594096e+16, 
1.581556e+20, 3.653740e+19, 4.833884e+18, 4.402585e+17, 3.280976e+16, 
1.613232e+20, 3.415551e+19, 4.150292e+18, 3.472382e+17, 2.373707e+16, 
1.641613e+20, 3.196556e+19, 3.579683e+18, 2.760683e+17, 1.737593e+16, 
1.667131e+20, 2.995205e+19, 3.100877e+18, 2.211216e+17, 1.285772e+16, 
1.690168e+20, 2.809851e+19, 2.696788e+18, 1.783101e+17, 9.607613e+15, 
1.711011e+20, 2.639247e+19, 2.354456e+18, 1.447242e+17, 7.246234e+15, 
1.729930e+20, 2.482024e+19, 2.063027e+18, 1.181726e+17, 5.512237e+15, 
1.747145e+20, 2.337030e+19, 1.813956e+18, 9.704510e+16, 4.227192e+15, 
1.762867e+20, 2.202991e+19, 1.599975e+18, 8.010597e+16, 3.265406e+15, 
1.777256e+20, 2.078990e+19, 1.415521e+18, 6.645007e+16, 2.539966e+15, 
1.790453e+20, 1.964142e+19, 1.255948e+18, 5.537942e+16, 1.988563e+15, 
1.802580e+20, 1.857660e+19, 1.117457e+18, 4.635899e+16, 1.566547e+15, 
1.813750e+20, 1.758792e+19, 9.968473e+17, 3.897078e+16, 1.241297e+15, 
1.824056e+20, 1.666901e+19, 8.915084e+17, 3.289210e+16, 9.890806e+14, 
1.833588e+20, 1.581340e+19, 7.991758e+17, 2.786515e+16, 7.921779e+14, 
1.842419e+20, 1.501577e+19, 7.180148e+17, 2.369027e+16, 6.375816e+14, 
1.850606e+20, 1.427209e+19, 6.465521e+17, 2.021239e+16, 5.156557e+14, 
1.858222e+20, 1.357673e+19, 5.833600e+17, 1.729900e+16, 4.188380e+14, 
1.865308e+20, 1.292658e+19, 5.274109e+17, 1.485251e+16, 3.416783e+14, 
1.871912e+20, 1.231795e+19, 4.777465e+17, 1.279037e+16, 2.798768e+14, 
1.878075e+20, 1.174769e+19, 4.335725e+17, 1.104678e+16, 2.301716e+14, 
1.883841e+20, 1.121201e+19, 3.941315e+17, 9.565358e+15, 1.899543e+14, 
1.889238e+20, 1.070886e+19, 3.588857e+17, 8.304383e+15, 1.573250e+14, 
1.894296e+20, 1.023577e+19, 3.273241e+17, 7.227821e+15, 1.307479e+14, 
1.899044e+20, 9.790180e+18, 2.989852e+17, 6.305399e+15, 1.090024e+14, 
1.903509e+20, 9.370027e+18, 2.734881e+17, 5.512779e+15, 9.114416e+13, 
1.907706e+20, 8.973930e+18, 2.505328e+17, 4.830707e+15, 7.644536e+13, 
1.911658e+20, 8.600090e+18, 2.298253e+17, 4.242134e+15, 6.430403e+13, 
1.915379e+20, 8.247190e+18, 2.111271e+17, 3.733350e+15, 5.425003e+13, 
1.918891e+20, 7.913366e+18, 1.941928e+17, 3.291906e+15, 4.588625e+13, 
1.922206e+20, 7.597600e+18, 1.788470e+17, 2.908392e+15, 3.891556e+13, 
1.925343e+20, 7.298233e+18, 1.648980e+17, 2.573962e+15, 3.307989e+13, 
1.928305e+20, 7.014994e+18, 1.522365e+17, 2.282559e+15, 2.819522e+13, 
1.931112e+20, 6.746029e+18, 1.406934e+17, 2.027365e+15, 2.408331e+13, 
1.933774e+20, 6.490592e+18, 1.301621e+17, 1.803593e+15, 2.061527e+13, 
1.936302e+20, 6.247668e+18, 1.205355e+17, 1.606890e+15, 1.768173e+13, 
1.938700e+20, 6.016859e+18, 1.117399e+17, 1.433966e+15, 1.519894e+13, 
1.940977e+20, 5.797326e+18, 1.036894e+17, 1.281595e+15, 1.309135e+13, 
1.943143e+20, 5.588262e+18, 9.630815e+16, 1.147032e+15, 1.129742e+13, 
1.945200e+20, 5.389382e+18, 8.954420e+16, 1.028201e+15, 9.769724e+12, 
1.947158e+20, 5.199969e+18, 8.333512e+16, 9.230243e+14, 8.465092e+12, 
1.949020e+20, 5.019577e+18, 7.763291e+16, 8.298442e+14, 7.349418e+12, 
1.950800e+20, 4.846855e+18, 7.236470e+16, 7.467592e+14, 6.388549e+12, 
1.952496e+20, 4.682186e+18, 6.751703e+16, 6.729454e+14, 5.563828e+12, 
1.954118e+20, 4.524564e+18, 6.303641e+16, 6.070465e+14, 4.852205e+12, 
1.955663e+20, 4.374252e+18, 5.890919e+16, 5.483907e+14, 4.239831e+12, 
1.957140e+20, 4.230424e+18, 5.509252e+16, 4.959526e+14, 3.710259e+12, 
1.958551e+20, 4.092881e+18, 5.156332e+16, 4.490587e+14, 3.251922e+12, 
1.959900e+20, 3.961259e+18, 4.829669e+16, 4.070642e+14, 2.854572e+12, 
1.961190e+20, 3.835341e+18, 4.527284e+16, 3.694390e+14, 2.509801e+12, 
1.962425e+20, 3.714726e+18, 4.246878e+16, 3.356557e+14, 2.209858e+12, 
1.963609e+20, 3.598950e+18, 3.986236e+16, 3.052392e+14, 1.948137e+12, 
1.964742e+20, 3.488031e+18, 3.744334e+16, 2.778867e+14, 1.719952e+12, 
1.965831e+20, 3.381429e+18, 3.519040e+16, 2.531949e+14, 1.520174e+12, 
1.966878e+20, 3.278908e+18, 3.308993e+16, 2.308755e+14, 1.344974e+12, 
1.967880e+20, 3.180672e+18, 3.113833e+16, 2.107634e+14, 1.191773e+12, 
1.968843e+20, 3.086219e+18, 2.931802e+16, 1.925639e+14, 1.057181e+12, 
1.969766e+20, 2.995559e+18, 2.762283e+16, 1.761159e+14, 9.390820e+11, 
1.970653e+20, 2.908507e+18, 2.604291e+16, 1.612337e+14, 8.352872e+11, 
1.971505e+20, 2.824743e+18, 2.456684e+16, 1.477314e+14, 7.437884e+11, 
1.972327e+20, 2.743981e+18, 2.318454e+16, 1.354491e+14, 6.628893e+11, 
1.973116e+20, 2.666386e+18, 2.189436e+16, 1.243105e+14, 5.915672e+11, 
1.973875e+20, 2.591695e+18, 2.068749e+16, 1.141837e+14, 5.285102e+11, 
1.974606e+20, 2.519739e+18, 1.955732e+16, 1.049641e+14, 4.726695e+11, 
1.975313e+20, 2.450140e+18, 1.849438e+16, 9.653199e+13, 4.229759e+11, 
1.975994e+20, 2.382976e+18, 1.749683e+16, 8.883570e+13, 3.788381e+11, 
1.976650e+20, 2.318373e+18, 1.656352e+16, 8.183055e+13, 3.397353e+11, 
1.977282e+20, 2.256053e+18, 1.568745e+16, 7.543174e+13, 3.049562e+11, 
1.977891e+20, 2.195996e+18, 1.486579e+16, 6.959014e+13, 2.740368e+11, 
1.978480e+20, 2.137883e+18, 1.409177e+16, 6.423259e+13, 2.464137e+11, 
1.979048e+20, 2.081754e+18, 1.336386e+16, 5.932622e+13, 2.217669e+11, 
1.979598e+20, 2.027480e+18, 1.267839e+16, 5.482612e+13, 1.997391e+11, 
1.980128e+20, 1.975102e+18, 1.203400e+16, 5.070492e+13, 1.800766e+11, 
1.980639e+20, 1.924590e+18, 1.142854e+16, 4.693162e+13, 1.625262e+11, 
1.981134e+20, 1.875744e+18, 1.085790e+16, 4.346535e+13, 1.468034e+11, 
1.981612e+20, 1.828411e+18, 1.031882e+16, 4.027315e+13, 1.326796e+11, 

   1

2.077829e+18, 2.097129e+18, 2.061675e+18, 2.059044e+18, 1.985116e+18, 2.002066e+18, 2.012796e+18, 2.035880e+18, 1.961557e+18, 1.828618e+18, 1.758001e+18, 1.748139e+18, 1.800832e+18, 1.504927e+18, 1.233225e+18, 1.038724e+18, 9.205740e+17, 7.859952e+17, 7.120758e+17, 6.342448e+17, 5.466449e+17, 5.171619e+17, 4.737253e+17, 4.653551e+17, 4.217615e+17, 3.545397e+17, 3.628905e+17, 3.436155e+17, 3.324898e+17, 3.030895e+17, 2.841392e+17, 2.931441e+17, 2.805181e+17, 2.551356e+17, 2.373996e+17, 2.354745e+17, 2.395966e+17, 2.269819e+17, 1.979399e+17, 2.078672e+17, 1.990284e+17, 1.921402e+17, 1.753405e+17, 1.663789e+17, 1.717673e+17, 1.699072e+17, 1.689461e+17, 1.543626e+17, 1.374907e+17, 1.293358e+17, 1.356017e+17, 1.366945e+17, 1.343121e+17, 1.359240e+17, 1.202794e+17, 1.167717e+17, 1.188084e+17, 1.139487e+17, 1.115454e+17, 1.043788e+17, 1.059226e+17, 9.438796e+16, 1.039117e+17, 9.891584e+16, 1.029613e+17, 1.047485e+17, 8.905881e+16, 9.114147e+16, 8.437223e+16, 7.120475e+16, 7.862820e+16, 9.676212e+16, 7.362723e+16, 6.977688e+16, 6.939494e+16, 7.347666e+16, 6.725918e+16, 7.108181e+16, 6.790348e+16, 6.535027e+16, 6.649249e+16, 7.236880e+16, 6.736492e+16, 5.923139e+16, 5.392637e+16, 6.592849e+16, 7.123095e+16, 6.337788e+16, 5.641529e+16, 5.624899e+16, 5.519051e+16, 6.160175e+16, 6.307174e+16, 6.638660e+16, 4.963198e+16, 4.284473e+16, 4.287480e+16, 5.351348e+16, 4.860817e+16, 3.933829e+16, 

2.262321e-02, 2.244140e-02, 2.215766e-02, 2.192170e-02, 2.168874e-02, 2.140587e-02, 2.108062e-02, 2.079771e-02, 2.040951e-02, 2.003639e-02, 1.962222e-02, 1.923473e-02, 1.832140e-02, 1.473815e-02, 8.918437e-03, 6.247558e-03, 5.181086e-03, 4.586129e-03, 4.205600e-03, 3.943482e-03, 3.748667e-03, 3.611699e-03, 3.497198e-03, 3.400637e-03, 3.322207e-03, 3.256778e-03, 3.198786e-03, 3.148327e-03, 3.103406e-03, 3.064427e-03, 3.029398e-03, 2.997510e-03, 2.968741e-03, 2.942208e-03, 2.916426e-03, 2.892619e-03, 2.870155e-03, 2.850809e-03, 2.831783e-03, 2.814250e-03, 2.797746e-03, 2.781556e-03, 2.765744e-03, 2.750176e-03, 2.735233e-03, 2.721405e-03, 2.707768e-03, 2.695177e-03, 2.682026e-03, 2.669114e-03, 2.656617e-03, 2.644835e-03, 2.633516e-03, 2.622433e-03, 2.611672e-03, 2.601099e-03, 2.590318e-03, 2.580333e-03, 2.570441e-03, 2.560646e-03, 2.550750e-03, 2.541214e-03, 2.531594e-03, 2.522154e-03, 2.515936e-03, 2.511652e-03, 2.502640e-03, 2.493711e-03, 2.485068e-03, 2.476264e-03, 2.467706e-03, 2.459734e-03, 2.457160e-03, 2.449129e-03, 2.441101e-03, 2.433293e-03, 2.425642e-03, 2.417983e-03, 2.410444e-03, 2.410197e-03, 2.410710e-03, 2.403327e-03, 2.396177e-03, 2.389386e-03, 2.387667e-03, 2.382405e-03, 2.389994e-03, 2.390937e-03, 2.384443e-03, 2.377762e-03, 2.371443e-03, 2.365179e-03, 2.359244e-03, 2.353071e-03, 2.346937e-03, 2.343214e-03, 2.338923e-03, 2.344471e-03, 2.348782e-03, 2.342961e-03, 

6.699321e+09, 1.686027e+13, 1.133955e+16, 2.509626e+18, 1.974790e+20, 
7.457037e+09, 1.913080e+13, 1.249748e+16, 2.666465e+18, 1.973210e+20, 
7.718816e+09, 2.139185e+13, 1.385271e+16, 2.824002e+18, 1.971621e+20, 
8.464632e+09, 2.348924e+13, 1.517493e+16, 2.993050e+18, 1.969918e+20, 
1.000021e+10, 2.668973e+13, 1.663117e+16, 3.155069e+18, 1.968283e+20, 
1.274885e+10, 2.984646e+13, 1.811202e+16, 3.323145e+18, 1.966587e+20, 
1.415004e+10, 3.256737e+13, 1.983273e+16, 3.501373e+18, 1.964788e+20, 
1.544650e+10, 3.490771e+13, 2.134208e+16, 3.693993e+18, 1.962846e+20, 
1.896209e+10, 4.118487e+13, 2.394363e+16, 3.920503e+18, 1.960555e+20, 
2.303941e+10, 4.782279e+13, 2.678856e+16, 4.160703e+18, 1.958125e+20, 
2.934074e+10, 5.735716e+13, 3.079848e+16, 4.473446e+18, 1.954957e+20, 
6.471281e+10, 1.017316e+14, 4.744856e+16, 5.723020e+18, 1.942294e+20, 
7.429121e+13, 7.634175e+15, 8.286936e+17, 1.981801e+19, 1.793456e+20, 
2.846810e+17, 5.600219e+18, 2.983984e+19, 6.039649e+19, 1.038788e+20, 
1.313582e+19, 4.618056e+19, 5.531775e+19, 4.474674e+19, 4.061914e+19, 
3.793205e+19, 6.160250e+19, 5.164424e+19, 3.059569e+19, 1.822553e+19, 
5.630322e+19, 6.836364e+19, 4.534374e+19, 2.089510e+19, 9.094304e+18, 
7.176399e+19, 7.063002e+19, 3.832650e+19, 1.437569e+19, 4.903798e+18, 
8.513019e+19, 7.004019e+19, 3.196662e+19, 1.005704e+19, 2.805957e+18, 
9.667707e+19, 6.789248e+19, 2.658459e+19, 7.164086e+18, 1.681768e+18, 
1.066695e+20, 6.494505e+19, 2.214639e+19, 5.192448e+18, 1.046588e+18, 
1.153509e+20, 6.163488e+19, 1.851868e+19, 3.823639e+18, 6.719020e+17, 
1.229297e+20, 5.821407e+19, 1.555714e+19, 2.856295e+18, 4.428188e+17, 
1.295770e+20, 5.482807e+19, 1.313482e+19, 2.161621e+18, 2.985298e+17, 
1.354346e+20, 5.155872e+19, 1.114603e+19, 1.655335e+18, 2.052792e+17, 
1.406191e+20, 4.845006e+19, 9.505834e+18, 1.281387e+18, 1.436541e+17, 
1.452285e+20, 4.552165e+19, 8.146072e+18, 1.001705e+18, 1.021095e+17, 
1.493455e+20, 4.277847e+19, 7.012399e+18, 7.900424e+17, 7.358932e+16, 
1.530386e+20, 4.021754e+19, 6.062049e+18, 6.281370e+17, 5.369429e+16, 
1.563609e+20, 3.783417e+19, 5.262046e+18, 5.032098e+17, 3.962924e+16, 
1.593588e+20, 3.561996e+19, 4.585666e+18, 4.060038e+17, 2.956060e+16, 
1.620730e+20, 3.356397e+19, 4.011068e+18, 3.297315e+17, 2.226489e+16, 
1.645396e+20, 3.165371e+19, 3.520412e+18, 2.693832e+17, 1.691649e+16, 
1.667867e+20, 2.987913e+19, 3.099878e+18, 2.213203e+17, 1.295843e+16, 
1.688381e+20, 2.823087e+19, 2.738255e+18, 1.828149e+17, 1.000406e+16, 
1.707148e+20, 2.669945e+19, 2.426185e+18, 1.517818e+17, 7.779966e+15, 
1.724378e+20, 2.527392e+19, 2.155610e+18, 1.265974e+17, 6.090183e+15, 
1.740222e+20, 2.394656e+19, 1.920348e+18, 1.060606e+17, 4.797473e+15, 
1.754821e+20, 2.270972e+19, 1.715169e+18, 8.923109e+16, 3.801767e+15, 
1.768300e+20, 2.155596e+19, 1.535646e+18, 7.537064e+16, 3.029601e+15, 
1.780770e+20, 2.047859e+19, 1.378093e+18, 6.390225e+16, 2.426964e+15, 
1.792324e+20, 1.947177e+19, 1.239475e+18, 5.437463e+16, 1.954043e+15, 
1.803057e+20, 1.852920e+19, 1.117087e+18, 4.642025e+16, 1.580522e+15, 
1.813036e+20, 1.764653e+19, 1.008831e+18, 3.975841e+16, 1.284180e+15, 
1.822325e+20, 1.681938e+19, 9.128672e+17, 3.415983e+16, 1.047953e+15, 
1.830991e+20, 1.604307e+19, 8.275515e+17, 2.943536e+16, 8.586343e+14, 
1.839085e+20, 1.531382e+19, 7.515369e+17, 2.543534e+16, 7.062349e+14, 
1.846655e+20, 1.462824e+19, 6.836731e+17, 2.203825e+16, 5.830431e+14, 
1.853742e+20, 1.398323e+19, 6.229730e+17, 1.914486e+16, 4.830735e+14, 
1.860385e+20, 1.337582e+19, 5.685721e+17, 1.667315e+16, 4.016284e+14, 
1.866617e+20, 1.280370e+19, 5.197522e+17, 1.455688e+16, 3.350580e+14, 
1.872476e+20, 1.226360e+19, 4.757968e+17, 1.273733e+16, 2.803659e+14, 
1.877989e+20, 1.175353e+19, 4.361707e+17, 1.116963e+16, 2.353014e+14, 
1.883180e+20, 1.127155e+19, 4.003954e+17, 9.815848e+15, 1.980566e+14, 
1.888074e+20, 1.081577e+19, 3.680454e+17, 8.644031e+15, 1.671764e+14, 
1.892694e+20, 1.038412e+19, 3.387253e+17, 7.626626e+15, 1.414779e+14, 
1.897059e+20, 9.975118e+18, 3.121184e+17, 6.741577e+15, 1.200344e+14, 
1.901185e+20, 9.587454e+18, 2.879470e+17, 5.970298e+15, 1.020970e+14, 
1.905087e+20, 9.219944e+18, 2.659695e+17, 5.297133e+15, 8.706011e+13, 
1.908785e+20, 8.870821e+18, 2.459315e+17, 4.707602e+15, 7.440373e+13, 
1.912285e+20, 8.539597e+18, 2.276731e+17, 4.191310e+15, 6.374385e+13, 
1.915609e+20, 8.224337e+18, 2.109714e+17, 3.737123e+15, 5.471960e+13, 
1.918767e+20, 7.924248e+18, 1.956845e+17, 3.337117e+15, 4.706775e+13, 
1.921765e+20, 7.638775e+18, 1.816922e+17, 2.984631e+15, 4.057192e+13, 
1.924617e+20, 7.366710e+18, 1.688543e+17, 2.673108e+15, 3.503839e+13, 
1.927329e+20, 7.107601e+18, 1.570776e+17, 2.397698e+15, 3.032085e+13, 
1.929915e+20, 6.860093e+18, 1.462364e+17, 2.153236e+15, 2.628083e+13, 
1.932376e+20, 6.624157e+18, 1.362725e+17, 1.936499e+15, 2.282359e+13, 
1.934722e+20, 6.398941e+18, 1.270970e+17, 1.743871e+15, 1.985612e+13, 
1.936961e+20, 6.183723e+18, 1.186346e+17, 1.572330e+15, 1.730302e+13, 
1.939095e+20, 5.978276e+18, 1.108344e+17, 1.419588e+15, 1.510569e+13, 
1.941133e+20, 5.781798e+18, 1.036276e+17, 1.283205e+15, 1.320829e+13, 
1.943083e+20, 5.593561e+18, 9.695459e+16, 1.161113e+15, 1.156503e+13, 
1.944945e+20, 5.413603e+18, 9.078712e+16, 1.051972e+15, 1.014360e+13, 
1.946728e+20, 5.241199e+18, 8.507211e+16, 9.541165e+14, 8.909754e+12, 
1.948433e+20, 5.076083e+18, 7.977551e+16, 8.663307e+14, 7.837628e+12, 
1.950066e+20, 4.917709e+18, 7.485792e+16, 7.874084e+14, 6.903804e+12, 
1.951630e+20, 4.766025e+18, 7.029691e+16, 7.165022e+14, 6.090629e+12, 
1.953130e+20, 4.620248e+18, 6.605054e+16, 6.525324e+14, 5.379319e+12, 
1.954570e+20, 4.480269e+18, 6.209909e+16, 5.948318e+14, 4.757017e+12, 
1.955951e+20, 4.345893e+18, 5.842209e+16, 5.427691e+14, 4.212292e+12, 
1.957277e+20, 4.216795e+18, 5.499653e+16, 4.957237e+14, 3.734588e+12, 
1.958551e+20, 4.092640e+18, 5.180076e+16, 4.531393e+14, 3.314783e+12, 
1.959774e+20, 3.973351e+18, 4.882123e+16, 4.146057e+14, 2.945880e+12, 
1.960949e+20, 3.858647e+18, 4.604042e+16, 3.796900e+14, 2.621192e+12, 
1.962078e+20, 3.748424e+18, 4.344599e+16, 3.480534e+14, 2.335340e+12, 
1.963165e+20, 3.642174e+18, 4.101670e+16, 3.192760e+14, 2.082579e+12, 
1.964213e+20, 3.539685e+18, 3.874019e+16, 2.930720e+14, 1.858818e+12, 
1.965222e+20, 3.440895e+18, 3.660800e+16, 2.692183e+14, 1.660757e+12, 
1.966193e+20, 3.345789e+18, 3.461280e+16, 2.475182e+14, 1.485501e+12, 
1.967127e+20, 3.254286e+18, 3.274637e+16, 2.277775e+14, 1.330377e+12, 
1.968027e+20, 3.166046e+18, 3.099578e+16, 2.097665e+14, 1.192623e+12, 
1.968896e+20, 3.080864e+18, 2.935171e+16, 1.933082e+14, 1.070077e+12, 
1.969734e+20, 2.998576e+18, 2.780630e+16, 1.782522e+14, 9.609227e+11, 
1.970544e+20, 2.919077e+18, 2.635311e+16, 1.644710e+14, 8.636103e+11, 
1.971325e+20, 2.842390e+18, 2.498851e+16, 1.518712e+14, 7.769477e+11, 
1.972076e+20, 2.768515e+18, 2.370849e+16, 1.403607e+14, 6.998081e+11, 
1.972802e+20, 2.697172e+18, 2.250450e+16, 1.298136e+14, 6.309202e+11, 
1.973504e+20, 2.628096e+18, 2.136867e+16, 1.201186e+14, 5.691840e+11, 
1.974183e+20, 2.561293e+18, 2.029829e+16, 1.112147e+14, 5.139004e+11, 

   2

2.114613e+18, 2.131107e+18, 2.050692e+18, 2.055238e+18, 2.061921e+18, 2.023953e+18, 1.970811e+18, 1.934695e+18, 1.889173e+18, 1.947508e+18, 1.842630e+18, 1.777311e+18, 1.810573e+18, 1.843313e+18, 1.798405e+18, 1.714550e+18, 1.777473e+18, 1.705349e+18, 1.640165e+18, 1.768131e+18, 1.793067e+18, 1.694417e+18, 1.640530e+18, 1.629744e+18, 1.649130e+18, 1.540907e+18, 1.416275e+18, 1.260423e+18, 1.039651e+18, 9.114094e+17, 8.036998e+17, 7.032429e+17, 5.877481e+17, 5.632032e+17, 5.488452e+17, 4.989625e+17, 4.566886e+17, 4.409943e+17, 3.772177e+17, 3.846667e+17, 3.694550e+17, 3.439129e+17, 2.925739e+17, 2.595140e+17, 2.665961e+17, 2.770091e+17, 2.608396e+17, 2.368143e+17, 2.307284e+17, 2.115794e+17, 2.119209e+17, 2.054070e+17, 1.966099e+17, 1.933336e+17, 1.718682e+17, 1.660034e+17, 1.653490e+17, 1.529532e+17, 1.631787e+17, 1.528026e+17, 1.376466e+17, 1.343218e+17, 1.446080e+17, 1.236545e+17, 1.274822e+17, 1.267134e+17, 1.201328e+17, 1.276559e+17, 1.192601e+17, 1.032596e+17, 1.107852e+17, 1.076938e+17, 9.435852e+16, 8.905633e+16, 9.483194e+16, 1.053915e+17, 1.092269e+17, 1.027763e+17, 9.124878e+16, 7.699646e+16, 9.265920e+16, 8.706732e+16, 8.716294e+16, 9.071237e+16, 7.805932e+16, 7.553125e+16, 8.284651e+16, 7.260205e+16, 7.570427e+16, 6.306750e+16, 7.056622e+16, 7.098241e+16, 6.736164e+16, 6.952534e+16, 6.985418e+16, 7.017397e+16, 6.897956e+16, 6.469388e+16, 6.540696e+16, 5.757236e+16, 

2.569871e-02, 2.562128e-02, 2.548391e-02, 2.537498e-02, 2.526942e-02, 2.514257e-02, 2.499807e-02, 2.488006e-02, 2.471583e-02, 2.456657e-02, 2.440822e-02, 2.427944e-02, 2.408409e-02, 2.391305e-02, 2.371060e-02, 2.347747e-02, 2.323393e-02, 2.299461e-02, 2.272008e-02, 2.243025e-02, 2.210185e-02, 2.176595e-02, 2.138862e-02, 2.092200e-02, 2.034733e-02, 1.964882e-02, 1.780150e-02, 1.283553e-02, 8.070236e-03, 6.122770e-03, 5.203507e-03, 4.696513e-03, 4.365500e-03, 4.089383e-03, 3.885805e-03, 3.724228e-03, 3.591623e-03, 3.481822e-03, 3.390487e-03, 3.309572e-03, 3.237452e-03, 3.174297e-03, 3.123551e-03, 3.095074e-03, 3.050255e-03, 3.009100e-03, 2.971700e-03, 2.935981e-03, 2.915356e-03, 2.921085e-03, 2.893989e-03, 2.868680e-03, 2.845440e-03, 2.823171e-03, 2.801843e-03, 2.781556e-03, 2.769224e-03, 2.773751e-03, 2.756216e-03, 2.740193e-03, 2.724654e-03, 2.709820e-03, 2.694797e-03, 2.680906e-03, 2.666872e-03, 2.653761e-03, 2.640781e-03, 2.627718e-03, 2.615251e-03, 2.603196e-03, 2.591461e-03, 2.580022e-03, 2.568984e-03, 2.557685e-03, 2.546863e-03, 2.536134e-03, 2.525667e-03, 2.515561e-03, 2.505295e-03, 2.495389e-03, 2.495926e-03, 2.494588e-03, 2.488260e-03, 2.478685e-03, 2.469280e-03, 2.459916e-03, 2.450573e-03, 2.441358e-03, 2.432360e-03, 2.423267e-03, 2.414327e-03, 2.405263e-03, 2.396703e-03, 2.388269e-03, 2.379595e-03, 2.371334e-03, 2.363314e-03, 2.355326e-03, 2.348982e-03, 2.343036e-03, 

3.985888e+09, 1.199851e+13, 9.381403e+15, 2.270056e+18, 1.977206e+20, 
4.253378e+09, 1.259198e+13, 1.045004e+16, 2.398539e+18, 1.975910e+20, 
4.105818e+09, 1.178675e+13, 1.135621e+16, 2.536458e+18, 1.974522e+20, 
4.149682e+09, 1.014329e+13, 1.230118e+16, 2.659744e+18, 1.973279e+20, 
4.739735e+09, 6.413879e+12, 1.290060e+16, 2.778466e+18, 1.972086e+20, 
7.141237e+09, 5.572499e+12, 1.411607e+16, 2.913909e+18, 1.970720e+20, 
9.602555e+09, 2.226579e+13, 1.535075e+16, 3.046337e+18, 1.969383e+20, 
1.199190e+10, 2.321033e+13, 1.632257e+16, 3.169953e+18, 1.968137e+20, 
1.386099e+10, 2.573436e+13, 1.738428e+16, 3.310223e+18, 1.966724e+20, 
1.635594e+10, 3.361732e+13, 1.907801e+16, 3.455286e+18, 1.965256e+20, 
1.666338e+10, 3.607642e+13, 2.104291e+16, 3.602696e+18, 1.963762e+20, 
2.267235e+10, 4.270869e+13, 2.220933e+16, 3.750628e+18, 1.962271e+20, 
2.586924e+10, 4.823448e+13, 2.422352e+16, 3.915867e+18, 1.960599e+20, 
2.743243e+10, 5.190500e+13, 2.590529e+16, 4.084351e+18, 1.958897e+20, 
2.759126e+10, 5.387074e+13, 2.751616e+16, 4.269818e+18, 1.957026e+20, 
3.055372e+10, 5.734743e+13, 2.934154e+16, 4.471432e+18, 1.954992e+20, 
3.606867e+10, 6.503964e+13, 3.100557e+16, 4.679626e+18, 1.952893e+20, 
4.108612e+10, 7.306599e+13, 3.376906e+16, 4.904628e+18, 1.950615e+20, 
4.567730e+10, 8.123476e+13, 3.649022e+16, 5.153599e+18, 1.948098e+20, 
4.989003e+10, 8.825368e+13, 3.946478e+16, 5.418007e+18, 1.945424e+20, 
5.487911e+10, 9.595205e+13, 4.280154e+16, 5.714023e+18, 1.942431e+20, 
5.334177e+10, 9.867543e+13, 4.612537e+16, 6.038252e+18, 1.939155e+20, 
6.339417e+10, 1.052749e+14, 5.028427e+16, 6.399251e+18, 1.935504e+20, 
8.689639e+10, 1.367028e+14, 5.713917e+16, 6.913647e+18, 1.930291e+20, 
1.337659e+11, 1.980402e+14, 7.818504e+16, 8.435007e+18, 1.914866e+20, 
8.385540e+11, 8.295488e+14, 2.400298e+17, 1.645322e+19, 1.833059e+20, 
1.029091e+15, 1.223117e+17, 5.515350e+18, 4.967304e+19, 1.446883e+20, 
9.430833e+17, 1.558182e+19, 4.753156e+19, 6.107290e+19, 7.487064e+19, 
1.599535e+19, 4.923311e+19, 5.421810e+19, 4.295094e+19, 3.760250e+19, 
3.499772e+19, 5.910086e+19, 5.244955e+19, 3.277297e+19, 2.067890e+19, 
4.915465e+19, 6.580627e+19, 4.838175e+19, 2.463391e+19, 1.202343e+19, 
6.171024e+19, 6.935321e+19, 4.313870e+19, 1.846973e+19, 7.328114e+18, 
7.304994e+19, 7.050605e+19, 3.785606e+19, 1.394136e+19, 4.646589e+18, 
8.323133e+19, 7.010403e+19, 3.299310e+19, 1.062701e+19, 3.044531e+18, 
9.234890e+19, 6.872402e+19, 2.869044e+19, 8.186303e+18, 2.050335e+18, 
1.005202e+20, 6.674455e+19, 2.495191e+19, 6.370410e+18, 1.412964e+18, 
1.078537e+20, 6.441508e+19, 2.173270e+19, 5.005293e+18, 9.932731e+17, 
1.144489e+20, 6.190098e+19, 1.897130e+19, 3.968366e+18, 7.104799e+17, 
1.203969e+20, 5.931073e+19, 1.660390e+19, 3.172526e+18, 5.159914e+17, 
1.257738e+20, 5.671683e+19, 1.457335e+19, 2.556118e+18, 3.799056e+17, 
1.306524e+20, 5.416371e+19, 1.282688e+19, 2.073955e+18, 2.830771e+17, 
1.350878e+20, 5.168283e+19, 1.132218e+19, 1.693936e+18, 2.132592e+17, 
1.391315e+20, 4.929207e+19, 1.002207e+19, 1.392053e+18, 1.622671e+17, 
1.428265e+20, 4.700246e+19, 8.895851e+18, 1.150581e+18, 1.246061e+17, 
1.462110e+20, 4.481899e+19, 7.917351e+18, 9.561192e+17, 9.649492e+16, 
1.493201e+20, 4.274192e+19, 7.064224e+18, 7.984428e+17, 7.529689e+16, 
1.521827e+20, 4.077007e+19, 6.318193e+18, 6.698355e+17, 5.916971e+16, 
1.548229e+20, 3.890165e+19, 5.664246e+18, 5.644093e+17, 4.680557e+16, 
1.572620e+20, 3.713358e+19, 5.089611e+18, 4.775656e+17, 3.725704e+16, 
1.595209e+20, 3.546056e+19, 4.583030e+18, 4.056389e+17, 2.982631e+16, 
1.616164e+20, 3.387840e+19, 4.135397e+18, 3.458092e+17, 2.400699e+16, 
1.635631e+20, 3.238269e+19, 3.738946e+18, 2.958365e+17, 1.942216e+16, 
1.653746e+20, 3.096871e+19, 3.386997e+18, 2.539275e+17, 1.578908e+16, 
1.670631e+20, 2.963161e+19, 3.073789e+18, 2.186396e+17, 1.289397e+16, 
1.686391e+20, 2.836704e+19, 2.794471e+18, 1.888207e+17, 1.057521e+16, 
1.701124e+20, 2.717056e+19, 2.544825e+18, 1.635330e+17, 8.708873e+15, 
1.714912e+20, 2.603828e+19, 2.321280e+18, 1.420203e+17, 7.199963e+15, 
1.727836e+20, 2.496605e+19, 2.120675e+18, 1.236576e+17, 5.974474e+15, 
1.739965e+20, 2.395026e+19, 1.940321e+18, 1.079368e+17, 4.975047e+15, 
1.751366e+20, 2.298704e+19, 1.777805e+18, 9.443293e+16, 4.156362e+15, 
1.762083e+20, 2.207411e+19, 1.631253e+18, 8.281333e+16, 3.483905e+15, 
1.772175e+20, 2.120797e+19, 1.498811e+18, 7.278357e+16, 2.929290e+15, 
1.781686e+20, 2.038591e+19, 1.378942e+18, 6.410538e+16, 2.470340e+15, 
1.790662e+20, 1.960492e+19, 1.270230e+18, 5.657479e+16, 2.089106e+15, 
1.799136e+20, 1.886306e+19, 1.171559e+18, 5.002948e+16, 1.771662e+15, 
1.807147e+20, 1.815761e+19, 1.081816e+18, 4.432436e+16, 1.506362e+15, 
1.814729e+20, 1.748642e+19, 1.000082e+18, 3.934100e+16, 1.284011e+15, 
1.821909e+20, 1.684750e+19, 9.255432e+17, 3.497919e+16, 1.097140e+15, 
1.828720e+20, 1.623845e+19, 8.574149e+17, 3.115038e+16, 9.395224e+14, 
1.835177e+20, 1.565857e+19, 7.951755e+17, 2.778891e+16, 8.064738e+14, 
1.841304e+20, 1.510587e+19, 7.382126e+17, 2.483040e+16, 6.938116e+14, 
1.847125e+20, 1.457868e+19, 6.860024e+17, 2.222114e+16, 5.981531e+14, 
1.852661e+20, 1.407539e+19, 6.380760e+17, 1.991507e+16, 5.167156e+14, 
1.857927e+20, 1.359496e+19, 5.940604e+17, 1.787483e+16, 4.472758e+14, 
1.862940e+20, 1.313596e+19, 5.535746e+17, 1.606601e+16, 3.879082e+14, 
1.867716e+20, 1.269728e+19, 5.163005e+17, 1.446002e+16, 3.370490e+14, 
1.872273e+20, 1.227750e+19, 4.819225e+17, 1.303088e+16, 2.933595e+14, 
1.876623e+20, 1.187553e+19, 4.501769e+17, 1.175696e+16, 2.557476e+14, 
1.880774e+20, 1.149089e+19, 4.208686e+17, 1.062116e+16, 2.233465e+14, 
1.884737e+20, 1.112273e+19, 3.937888e+17, 9.607198e+15, 1.953859e+14, 
1.888521e+20, 1.077024e+19, 3.687490e+17, 8.700906e+15, 1.712162e+14, 
1.892143e+20, 1.043211e+19, 3.455389e+17, 7.888512e+15, 1.502535e+14, 
1.895611e+20, 1.010760e+19, 3.240051e+17, 7.159339e+15, 1.320416e+14, 
1.898930e+20, 9.796392e+18, 3.040342e+17, 6.504862e+15, 1.162136e+14, 
1.902108e+20, 9.497733e+18, 2.854909e+17, 5.916498e+15, 1.024301e+14, 
1.905151e+20, 9.211111e+18, 2.682658e+17, 5.387142e+15, 9.041274e+13, 
1.908070e+20, 8.935791e+18, 2.522448e+17, 4.910084e+15, 7.991426e+13, 
1.910871e+20, 8.671061e+18, 2.373218e+17, 4.479377e+15, 7.072208e+13, 
1.913557e+20, 8.416700e+18, 2.234279e+17, 4.090558e+15, 6.267243e+13, 
1.916137e+20, 8.172023e+18, 2.104720e+17, 3.738889e+15, 5.560736e+13, 
1.918614e+20, 7.936740e+18, 1.983907e+17, 3.420711e+15, 4.940225e+13, 
1.920994e+20, 7.710281e+18, 1.871103e+17, 3.132366e+15, 4.394160e+13, 
1.923283e+20, 7.492223e+18, 1.765694e+17, 2.870771e+15, 3.912923e+13, 
1.925485e+20, 7.282165e+18, 1.667127e+17, 2.633207e+15, 3.488294e+13, 
1.927602e+20, 7.079902e+18, 1.574970e+17, 2.417428e+15, 3.113434e+13, 
1.929640e+20, 6.884926e+18, 1.488678e+17, 2.221091e+15, 2.781818e+13, 
1.931602e+20, 6.696983e+18, 1.407858e+17, 2.042348e+15, 2.488216e+13, 
1.933491e+20, 6.515807e+18, 1.332137e+17, 1.879519e+15, 2.228039e+13, 
1.935312e+20, 6.340956e+18, 1.261092e+17, 1.730934e+15, 1.997027e+13, 
1.937066e+20, 6.172354e+18, 1.194472e+17, 1.595390e+15, 1.791920e+13, 

